0, 59
59, 0
0, 775
775, 0
0, 393
393, 0
0, 94
94, 0
0, 144
144, 0
0, 31
31, 0
0, 12
12, 0
0, 111
111, 0
0, 37
37, 0
0, 128
128, 0
0, 437
437, 0
0, 422
422, 0
0, 96
96, 0
0, 371
371, 0
0, 317
317, 0
0, 197
197, 0
0, 4
4, 0
0, 648
648, 0
0, 19
19, 0
0, 593
593, 0
0, 554
554, 0
0, 266
266, 0
0, 99
99, 0
0, 30
30, 0
0, 207
207, 0
0, 52
52, 0
0, 29
29, 0
0, 90
90, 0
0, 79
79, 0
0, 5
5, 0
0, 334
334, 0
0, 33
33, 0
0, 556
556, 0
0, 256
256, 0
0, 196
196, 0
0, 50
50, 0
0, 40
40, 0
0, 32
32, 0
0, 10
10, 0
0, 105
105, 0
0, 389
389, 0
0, 71
71, 0
0, 120
120, 0
0, 806
806, 0
0, 431
431, 0
0, 18
18, 0
0, 430
430, 0
0, 275
275, 0
0, 229
229, 0
0, 27
27, 0
0, 578
578, 0
0, 11
11, 0
0, 16
16, 0
0, 189
189, 0
0, 263
263, 0
0, 63
63, 0
0, 42
42, 0
0, 14
14, 0
0, 182
182, 0
0, 331
331, 0
0, 82
82, 0
0, 337
337, 0
0, 167
167, 0
0, 2
2, 0
0, 68
68, 0
0, 286
286, 0
0, 467
467, 0
0, 3
3, 0
0, 51
51, 0
0, 586
586, 0
0, 499
499, 0
0, 6
6, 0
1, 8
8, 1
1, 414
414, 1
1, 316
316, 1
1, 47
47, 1
1, 81
81, 1
1, 17
17, 1
1, 521
521, 1
1, 87
87, 1
1, 373
373, 1
1, 685
685, 1
1, 268
268, 1
1, 101
101, 1
1, 131
131, 1
1, 474
474, 1
1, 152
152, 1
1, 191
191, 1
1, 243
243, 1
1, 220
220, 1
1, 122
122, 1
1, 296
296, 1
1, 23
23, 1
1, 73
73, 1
1, 38
38, 1
1, 484
484, 1
1, 351
351, 1
1, 654
654, 1
1, 22
22, 1
1, 517
517, 1
1, 347
347, 1
1, 224
224, 1
1, 9
9, 1
1, 36
36, 1
1, 312
312, 1
1, 219
219, 1
1, 80
80, 1
1, 76
76, 1
1, 93
93, 1
1, 427
427, 1
1, 436
436, 1
1, 179
179, 1
1, 35
35, 1
1, 144
144, 1
1, 165
165, 1
1, 95
95, 1
1, 641
641, 1
2, 318
318, 2
2, 7
7, 2
2, 68
68, 2
2, 283
283, 2
2, 262
262, 2
2, 727
727, 2
2, 161
161, 2
2, 4
4, 2
2, 644
644, 2
2, 100
100, 2
2, 708
708, 2
2, 93
93, 2
2, 581
581, 2
2, 813
813, 2
2, 580
580, 2
2, 181
181, 2
2, 187
187, 2
2, 23
23, 2
2, 6
6, 2
2, 508
508, 2
2, 179
179, 2
2, 334
334, 2
2, 292
292, 2
2, 191
191, 2
2, 57
57, 2
2, 288
288, 2
2, 3
3, 2
2, 282
282, 2
2, 258
258, 2
2, 795
795, 2
2, 253
253, 2
2, 523
523, 2
2, 224
224, 2
2, 182
182, 2
3, 94
94, 3
3, 45
45, 3
3, 200
200, 3
3, 60
60, 3
3, 109
109, 3
3, 205
205, 3
3, 7
7, 3
3, 72
72, 3
3, 48
48, 3
3, 37
37, 3
3, 118
118, 3
3, 43
43, 3
3, 46
46, 3
3, 172
172, 3
3, 497
497, 3
3, 532
532, 3
3, 4
4, 3
3, 385
385, 3
3, 485
485, 3
3, 630
630, 3
3, 99
99, 3
3, 319
319, 3
3, 494
494, 3
3, 6
6, 3
3, 44
44, 3
3, 5
5, 3
3, 586
586, 3
3, 348
348, 3
3, 57
57, 3
3, 74
74, 3
3, 291
291, 3
3, 403
403, 3
3, 32
32, 3
3, 18
18, 3
3, 447
447, 3
3, 278
278, 3
3, 16
16, 3
3, 63
63, 3
3, 270
270, 3
3, 240
240, 3
3, 812
812, 3
3, 710
710, 3
3, 28
28, 3
3, 75
75, 3
3, 64
64, 3
3, 76
76, 3
4, 59
59, 4
4, 141
141, 4
4, 45
45, 4
4, 7
7, 4
4, 12
12, 4
4, 48
48, 4
4, 43
43, 4
4, 145
145, 4
4, 525
525, 4
4, 56
56, 4
4, 319
319, 4
4, 90
90, 4
4, 301
301, 4
4, 30
30, 4
4, 302
302, 4
4, 13
13, 4
4, 735
735, 4
4, 446
446, 4
4, 52
52, 4
4, 207
207, 4
4, 489
489, 4
4, 18
18, 4
4, 630
630, 4
4, 335
335, 4
4, 270
270, 4
4, 14
14, 4
4, 182
182, 4
4, 331
331, 4
4, 28
28, 4
4, 547
547, 4
4, 751
751, 4
4, 383
383, 4
4, 564
564, 4
4, 739
739, 4
4, 75
75, 4
4, 217
217, 4
4, 64
64, 4
4, 133
133, 4
4, 286
286, 4
4, 434
434, 4
4, 629
629, 4
4, 203
203, 4
4, 115
115, 4
4, 322
322, 4
4, 72
72, 4
4, 6
6, 4
4, 541
541, 4
4, 585
585, 4
4, 181
181, 4
4, 229
229, 4
4, 198
198, 4
4, 187
187, 4
4, 552
552, 4
4, 172
172, 4
4, 58
58, 4
5, 205
205, 5
5, 43
43, 5
5, 96
96, 5
5, 20
20, 5
5, 319
319, 5
5, 88
88, 5
5, 116
116, 5
5, 27
27, 5
5, 32
32, 5
5, 77
77, 5
5, 16
16, 5
5, 453
453, 5
5, 63
63, 5
5, 25
25, 5
5, 691
691, 5
5, 14
14, 5
5, 182
182, 5
5, 331
331, 5
5, 82
82, 5
5, 447
447, 5
5, 385
385, 5
5, 377
377, 5
5, 34
34, 5
5, 588
588, 5
5, 305
305, 5
5, 144
144, 5
5, 603
603, 5
5, 566
566, 5
5, 516
516, 5
5, 40
40, 5
5, 291
291, 5
5, 46
46, 5
5, 74
74, 5
5, 389
389, 5
5, 147
147, 5
5, 99
99, 5
5, 118
118, 5
5, 37
37, 5
5, 11
11, 5
5, 30
30, 5
5, 529
529, 5
5, 10
10, 5
6, 8
8, 6
6, 7
7, 6
6, 37
37, 6
6, 96
96, 6
6, 232
232, 6
6, 87
87, 6
6, 22
22, 6
6, 95
95, 6
6, 30
30, 6
6, 187
187, 6
6, 101
101, 6
6, 426
426, 6
6, 90
90, 6
6, 268
268, 6
6, 229
229, 6
6, 11
11, 6
6, 334
334, 6
6, 389
389, 6
6, 55
55, 6
6, 104
104, 6
6, 270
270, 6
6, 182
182, 6
6, 80
80, 6
6, 276
276, 6
6, 297
297, 6
7, 86
86, 7
7, 73
73, 7
7, 334
334, 7
7, 91
91, 7
7, 90
90, 7
7, 225
225, 7
7, 22
22, 7
7, 453
453, 7
7, 182
182, 7
7, 64
64, 7
7, 133
133, 7
7, 76
76, 7
7, 572
572, 7
7, 429
429, 7
7, 322
322, 7
7, 171
171, 7
7, 607
607, 7
7, 72
72, 7
7, 585
585, 7
7, 229
229, 7
7, 601
601, 7
7, 198
198, 7
7, 655
655, 7
7, 187
187, 7
7, 128
128, 7
7, 537
537, 7
7, 153
153, 7
7, 342
342, 7
7, 433
433, 7
7, 529
529, 7
7, 446
446, 7
8, 129
129, 8
8, 24
24, 8
8, 242
242, 8
8, 122
122, 8
8, 47
47, 8
8, 180
180, 8
8, 345
345, 8
8, 20
20, 8
8, 36
36, 8
8, 219
219, 8
8, 80
80, 8
8, 76
76, 8
8, 39
39, 8
8, 390
390, 8
8, 62
62, 8
8, 177
177, 8
8, 171
171, 8
8, 139
139, 8
8, 541
541, 8
8, 439
439, 8
8, 87
87, 8
8, 243
243, 8
8, 159
159, 8
8, 23
23, 8
8, 161
161, 8
8, 17
17, 8
8, 33
33, 8
8, 316
316, 8
8, 104
104, 8
9, 195
195, 9
9, 80
80, 9
9, 37
37, 9
9, 569
569, 9
9, 93
93, 9
9, 242
242, 9
9, 20
20, 9
9, 23
23, 9
9, 132
132, 9
9, 415
415, 9
9, 73
73, 9
9, 41
41, 9
9, 104
104, 9
9, 268
268, 9
9, 38
38, 9
9, 39
39, 9
9, 36
36, 9
9, 273
273, 9
9, 21
21, 9
9, 215
215, 9
9, 66
66, 9
10, 606
606, 10
10, 379
379, 10
10, 252
252, 10
10, 20
20, 10
10, 540
540, 10
10, 413
413, 10
10, 225
225, 10
10, 16
16, 10
10, 42
42, 10
10, 14
14, 10
10, 286
286, 10
10, 160
160, 10
10, 322
322, 10
10, 439
439, 10
10, 346
346, 10
10, 46
46, 10
10, 577
577, 10
10, 26
26, 10
10, 489
489, 10
10, 99
99, 10
10, 201
201, 10
10, 646
646, 10
10, 786
786, 10
10, 85
85, 10
10, 622
622, 10
10, 422
422, 10
10, 567
567, 10
11, 45
45, 11
11, 19
19, 11
11, 593
593, 11
11, 313
313, 11
11, 554
554, 11
11, 432
432, 11
11, 30
30, 11
11, 155
155, 11
11, 52
52, 11
11, 319
319, 11
11, 299
299, 11
11, 272
272, 11
11, 18
18, 11
11, 578
578, 11
11, 89
89, 11
11, 189
189, 11
11, 14
14, 11
11, 419
419, 11
11, 193
193, 11
11, 331
331, 11
11, 240
240, 11
11, 286
286, 11
11, 721
721, 11
11, 615
615, 11
11, 171
171, 11
11, 832
832, 11
11, 771
771, 11
11, 714
714, 11
11, 109
109, 11
11, 273
273, 11
11, 228
228, 11
11, 59
59, 11
11, 266
266, 11
11, 12
12, 11
11, 207
207, 11
11, 37
37, 11
11, 471
471, 11
12, 154
154, 12
12, 315
315, 12
12, 272
272, 12
12, 89
89, 12
12, 582
582, 12
12, 130
130, 12
12, 161
161, 12
12, 50
50, 12
12, 18
18, 12
12, 471
471, 12
12, 833
833, 12
12, 579
579, 12
12, 495
495, 12
12, 52
52, 12
12, 19
19, 12
12, 479
479, 12
12, 267
267, 12
12, 376
376, 12
12, 650
650, 12
12, 30
30, 12
12, 210
210, 12
12, 14
14, 12
12, 286
286, 12
12, 761
761, 12
12, 184
184, 12
12, 284
284, 12
12, 499
499, 12
12, 188
188, 12
12, 31
31, 12
12, 65
65, 12
12, 477
477, 12
12, 136
136, 12
12, 59
59, 12
12, 561
561, 12
12, 239
239, 12
12, 266
266, 12
13, 200
200, 13
13, 83
83, 13
13, 309
309, 13
13, 52
52, 13
13, 156
156, 13
13, 335
335, 13
13, 77
77, 13
13, 42
42, 13
13, 127
127, 13
13, 62
62, 13
13, 177
177, 13
13, 115
115, 13
13, 322
322, 13
13, 53
53, 13
13, 31
31, 13
13, 198
198, 13
13, 655
655, 13
13, 208
208, 13
13, 140
140, 13
13, 512
512, 13
13, 207
207, 13
13, 145
145, 13
13, 489
489, 13
13, 118
118, 13
13, 537
537, 13
13, 48
48, 13
13, 33
33, 13
13, 18
18, 13
13, 60
60, 13
13, 90
90, 13
13, 180
180, 13
14, 59
59, 14
14, 775
775, 14
14, 337
337, 14
14, 31
31, 14
14, 452
452, 14
14, 68
68, 14
14, 96
96, 14
14, 648
648, 14
14, 19
19, 14
14, 544
544, 14
14, 313
313, 14
14, 554
554, 14
14, 22
22, 14
14, 30
30, 14
14, 207
207, 14
14, 52
52, 14
14, 508
508, 14
14, 546
546, 14
14, 334
334, 14
14, 536
536, 14
14, 18
18, 14
14, 196
196, 14
14, 131
131, 14
14, 40
40, 14
14, 602
602, 14
14, 301
301, 14
14, 541
541, 14
14, 63
63, 14
14, 374
374, 14
14, 42
42, 14
15, 504
504, 15
15, 669
669, 15
15, 434
434, 15
15, 472
472, 15
15, 37
37, 15
15, 118
118, 15
15, 233
233, 15
15, 169
169, 15
15, 501
501, 15
15, 493
493, 15
15, 306
306, 15
15, 150
150, 15
15, 476
476, 15
15, 584
584, 15
15, 99
99, 15
15, 352
352, 15
15, 55
55, 15
15, 247
247, 15
15, 234
234, 15
15, 135
135, 15
15, 23
23, 15
15, 16
16, 15
15, 548
548, 15
15, 61
61, 15
15, 249
249, 15
15, 598
598, 15
15, 305
305, 15
15, 524
524, 15
15, 533
533, 15
15, 163
163, 15
15, 121
121, 15
15, 78
78, 15
16, 54
54, 16
16, 551
551, 16
16, 46
46, 16
16, 124
124, 16
16, 481
481, 16
16, 194
194, 16
16, 417
417, 16
16, 387
387, 16
16, 520
520, 16
16, 319
319, 16
16, 168
168, 16
16, 245
245, 16
16, 78
78, 16
16, 413
413, 16
16, 234
234, 16
16, 26
26, 16
16, 32
32, 16
16, 448
448, 16
16, 442
442, 16
16, 34
34, 16
16, 453
453, 16
16, 443
443, 16
17, 94
94, 17
17, 468
468, 17
17, 414
414, 17
17, 236
236, 17
17, 246
246, 17
17, 97
97, 17
17, 263
263, 17
17, 675
675, 17
17, 150
150, 17
17, 53
53, 17
17, 87
87, 17
17, 310
310, 17
17, 84
84, 17
18, 96
96, 18
18, 301
301, 18
18, 382
382, 18
18, 142
142, 18
18, 270
270, 18
18, 463
463, 18
18, 28
28, 18
18, 75
75, 18
18, 80
80, 18
18, 168
168, 18
18, 72
72, 18
18, 53
53, 18
18, 441
441, 18
18, 109
109, 18
18, 58
58, 18
18, 59
59, 18
18, 207
207, 18
18, 145
145, 18
18, 48
48, 18
18, 183
183, 18
18, 33
33, 18
19, 722
722, 19
19, 490
490, 19
19, 67
67, 19
19, 52
52, 19
19, 163
163, 19
19, 210
210, 19
19, 584
584, 19
19, 286
286, 19
19, 788
788, 19
19, 248
248, 19
19, 333
333, 19
19, 115
115, 19
19, 717
717, 19
19, 524
524, 19
19, 742
742, 19
19, 207
207, 19
19, 190
190, 19
19, 432
432, 19
19, 30
30, 19
20, 606
606, 20
20, 511
511, 20
20, 56
56, 20
20, 379
379, 20
20, 160
160, 20
20, 434
434, 20
20, 115
115, 20
20, 439
439, 20
20, 87
87, 20
20, 440
440, 20
20, 46
46, 20
20, 573
573, 20
20, 738
738, 20
20, 646
646, 20
20, 622
622, 20
20, 362
362, 20
20, 567
567, 20
20, 316
316, 20
20, 413
413, 20
20, 345
345, 20
20, 242
242, 20
20, 24
24, 20
21, 200
200, 21
21, 466
466, 21
21, 180
180, 21
21, 225
225, 21
21, 66
66, 21
21, 70
70, 21
21, 36
36, 21
21, 75
75, 21
21, 284
284, 21
21, 318
318, 21
21, 140
140, 21
21, 195
195, 21
21, 401
401, 21
21, 315
315, 21
21, 688
688, 21
21, 320
320, 21
21, 55
55, 21
21, 392
392, 21
22, 283
283, 22
22, 114
114, 22
22, 683
683, 22
22, 70
70, 22
22, 25
25, 22
22, 36
36, 22
22, 337
337, 22
22, 75
75, 22
22, 133
133, 22
22, 772
772, 22
22, 87
87, 22
22, 23
23, 22
22, 265
265, 22
22, 529
529, 22
22, 446
446, 22
22, 354
354, 22
23, 47
47, 23
23, 56
56, 23
23, 581
581, 23
23, 626
626, 23
23, 580
580, 23
23, 24
24, 23
23, 122
122, 23
23, 508
508, 23
23, 73
73, 23
23, 345
345, 23
23, 55
55, 23
23, 224
224, 23
23, 501
501, 23
23, 415
415, 23
23, 171
171, 23
23, 670
670, 23
23, 685
685, 23
23, 38
38, 23
24, 47
47, 24
24, 56
56, 24
24, 91
91, 24
24, 122
122, 24
24, 88
88, 24
24, 224
224, 24
24, 569
569, 24
24, 415
415, 24
24, 208
208, 24
24, 685
685, 24
24, 136
136, 24
24, 282
282, 24
24, 537
537, 24
24, 353
353, 24
24, 316
316, 24
24, 55
55, 24
24, 281
281, 24
24, 345
345, 24
24, 255
255, 24
25, 816
816, 25
25, 142
142, 25
25, 652
652, 25
25, 682
682, 25
25, 274
274, 25
25, 668
668, 25
25, 117
117, 25
25, 292
292, 25
25, 339
339, 25
25, 40
40, 25
25, 261
261, 25
25, 53
53, 25
25, 356
356, 25
25, 481
481, 25
25, 287
287, 25
25, 113
113, 25
25, 34
34, 25
25, 167
167, 25
26, 183
183, 26
26, 190
190, 26
26, 153
153, 26
26, 502
502, 26
26, 472
472, 26
26, 37
37, 26
26, 43
43, 26
26, 169
169, 26
26, 99
99, 26
26, 324
324, 26
26, 352
352, 26
26, 98
98, 26
26, 116
116, 26
26, 67
67, 26
26, 234
234, 26
26, 578
578, 26
26, 163
163, 26
26, 721
721, 26
26, 645
645, 26
26, 501
501, 26
26, 686
686, 26
26, 447
447, 26
26, 385
385, 26
26, 544
544, 26
26, 54
54, 26
26, 78
78, 26
26, 493
493, 26
26, 256
256, 26
26, 614
614, 26
26, 46
46, 26
26, 577
577, 26
27, 287
287, 27
27, 374
374, 27
27, 49
49, 27
27, 339
339, 27
27, 274
274, 27
27, 516
516, 27
27, 740
740, 27
27, 292
292, 27
27, 318
318, 27
27, 40
40, 27
27, 176
176, 27
27, 261
261, 27
27, 498
498, 27
27, 282
282, 27
27, 527
527, 27
28, 141
141, 28
28, 133
133, 28
28, 286
286, 28
28, 75
75, 28
28, 64
64, 28
28, 45
45, 28
28, 109
109, 28
28, 48
48, 28
28, 46
46, 28
28, 716
716, 28
28, 172
172, 28
28, 308
308, 28
28, 658
658, 28
28, 56
56, 28
28, 532
532, 28
28, 547
547, 28
28, 58
58, 28
28, 313
313, 28
28, 630
630, 28
28, 535
535, 28
28, 203
203, 28
28, 88
88, 28
28, 629
629, 28
28, 842
842, 28
28, 585
585, 28
28, 564
564, 28
28, 751
751, 28
28, 383
383, 28
28, 334
334, 28
28, 348
348, 28
28, 192
192, 28
28, 388
388, 28
28, 50
50, 28
28, 471
471, 28
28, 723
723, 28
28, 74
74, 28
28, 553
553, 28
28, 739
739, 28
28, 572
572, 28
28, 291
291, 28
28, 687
687, 28
28, 217
217, 28
28, 193
193, 28
29, 493
493, 29
29, 227
227, 29
29, 496
496, 29
29, 61
61, 29
29, 116
116, 29
29, 121
121, 29
29, 323
323, 29
29, 78
78, 29
29, 146
146, 29
29, 689
689, 29
29, 355
355, 29
29, 544
544, 29
29, 72
72, 29
29, 416
416, 29
30, 393
393, 30
30, 593
593, 30
30, 32
32, 30
30, 275
275, 30
30, 52
52, 30
30, 540
540, 30
30, 63
63, 30
30, 182
182, 30
30, 331
331, 30
30, 68
68, 30
30, 286
286, 30
30, 499
499, 30
30, 229
229, 30
30, 158
158, 30
30, 31
31, 30
30, 440
440, 30
30, 40
40, 30
30, 775
775, 30
30, 621
621, 30
30, 59
59, 30
30, 266
266, 30
30, 207
207, 30
30, 389
389, 30
30, 768
768, 30
30, 105
105, 30
30, 554
554, 30
31, 59
59, 31
31, 393
393, 31
31, 779
779, 31
31, 341
341, 31
31, 371
371, 31
31, 489
489, 31
31, 271
271, 31
31, 173
173, 31
31, 120
120, 31
31, 111
111, 31
31, 536
536, 31
31, 648
648, 31
31, 430
430, 31
31, 218
218, 31
31, 578
578, 31
31, 593
593, 31
31, 189
189, 31
31, 63
63, 31
31, 182
182, 31
31, 62
62, 31
31, 499
499, 31
31, 541
541, 31
32, 96
96, 32
32, 658
658, 32
32, 348
348, 32
32, 391
391, 32
32, 182
182, 32
32, 127
127, 32
32, 532
532, 32
32, 51
51, 32
32, 586
586, 32
32, 46
46, 32
32, 74
74, 32
32, 172
172, 32
32, 791
791, 32
32, 282
282, 32
32, 489
489, 32
32, 99
99, 32
32, 118
118, 32
32, 37
37, 32
32, 94
94, 32
32, 206
206, 32
32, 506
506, 32
32, 687
687, 32
32, 205
205, 32
33, 525
525, 33
33, 83
83, 33
33, 52
52, 33
33, 90
90, 33
33, 386
386, 33
33, 258
258, 33
33, 331
331, 33
33, 108
108, 33
33, 576
576, 33
33, 177
177, 33
33, 363
363, 33
33, 478
478, 33
33, 709
709, 33
33, 798
798, 33
33, 198
198, 33
33, 140
140, 33
33, 752
752, 33
33, 500
500, 33
33, 336
336, 33
33, 207
207, 33
34, 318
318, 34
34, 557
557, 34
34, 313
313, 34
34, 740
740, 34
34, 292
292, 34
34, 758
758, 34
34, 282
282, 34
34, 40
40, 34
34, 759
759, 34
34, 272
272, 34
34, 431
431, 34
34, 113
113, 34
34, 529
529, 34
34, 405
405, 34
34, 806
806, 34
34, 443
443, 34
34, 230
230, 34
34, 63
63, 34
34, 287
287, 34
34, 142
142, 34
34, 691
691, 34
34, 167
167, 34
34, 51
51, 34
35, 183
183, 35
35, 165
165, 35
35, 87
87, 35
35, 173
173, 35
35, 85
85, 35
35, 73
73, 35
35, 346
346, 35
35, 268
268, 35
35, 191
191, 35
35, 426
426, 35
35, 335
335, 35
35, 461
461, 35
35, 76
76, 35
35, 427
427, 35
36, 337
337, 36
36, 733
733, 36
36, 165
165, 36
36, 47
47, 36
36, 312
312, 36
36, 199
199, 36
36, 262
262, 36
36, 433
433, 36
36, 87
87, 36
36, 401
401, 36
36, 242
242, 36
36, 95
95, 36
36, 484
484, 36
36, 204
204, 36
36, 243
243, 36
36, 122
122, 36
36, 159
159, 36
36, 212
212, 36
37, 504
504, 37
37, 502
502, 37
37, 43
43, 37
37, 50
50, 37
37, 96
96, 37
37, 726
726, 37
37, 315
315, 37
37, 77
77, 37
37, 240
240, 37
37, 704
704, 37
37, 447
447, 37
37, 385
385, 37
37, 493
493, 37
37, 145
145, 37
37, 99
99, 37
38, 47
47, 38
38, 635
635, 38
38, 56
56, 38
38, 474
474, 38
38, 527
527, 38
38, 191
191, 38
38, 73
73, 38
38, 157
157, 38
38, 165
165, 38
38, 95
95, 38
38, 202
202, 38
38, 458
458, 38
38, 216
216, 38
39, 238
238, 39
39, 478
478, 39
39, 93
93, 39
39, 95
95, 39
39, 530
530, 39
39, 132
132, 39
39, 436
436, 39
39, 618
618, 39
39, 258
258, 39
39, 491
491, 39
39, 264
264, 39
39, 215
215, 39
39, 170
170, 39
39, 224
224, 39
39, 756
756, 39
39, 80
80, 39
40, 94
94, 40
40, 328
328, 40
40, 261
261, 40
40, 282
282, 40
40, 230
230, 40
40, 63
63, 40
40, 356
356, 40
40, 142
142, 40
40, 167
167, 40
40, 547
547, 40
40, 564
564, 40
40, 339
339, 40
40, 516
516, 40
40, 740
740, 40
40, 292
292, 40
40, 318
318, 40
41, 445
445, 41
41, 250
250, 41
41, 404
404, 41
41, 235
235, 41
42, 666
666, 42
42, 110
110, 42
42, 107
107, 42
42, 271
271, 42
42, 79
79, 42
42, 700
700, 42
42, 425
425, 42
42, 366
366, 42
42, 52
52, 42
42, 460
460, 42
43, 205
205, 43
43, 44
44, 43
43, 558
558, 43
43, 249
249, 43
43, 510
510, 43
43, 97
97, 43
43, 77
77, 43
43, 782
782, 43
43, 665
665, 43
43, 270
270, 43
43, 151
151, 43
43, 127
127, 43
43, 245
245, 43
43, 305
305, 43
43, 158
158, 43
43, 256
256, 43
43, 58
58, 43
43, 99
99, 43
43, 428
428, 43
43, 504
504, 43
43, 783
783, 43
43, 281
281, 43
43, 57
57, 43
43, 50
50, 43
43, 94
94, 43
43, 200
200, 43
44, 205
205, 44
44, 558
558, 44
44, 249
249, 44
44, 510
510, 44
44, 97
97, 44
44, 77
77, 44
44, 782
782, 44
44, 665
665, 44
44, 605
605, 44
44, 270
270, 44
44, 69
69, 44
44, 151
151, 44
44, 245
245, 44
44, 158
158, 44
44, 58
58, 44
44, 428
428, 44
44, 281
281, 44
44, 57
57, 44
44, 698
698, 44
45, 141
141, 45
45, 658
658, 45
45, 348
348, 45
45, 630
630, 45
45, 553
553, 45
45, 88
88, 45
45, 50
50, 45
45, 56
56, 45
45, 383
383, 45
45, 515
515, 45
45, 75
75, 45
45, 217
217, 45
45, 64
64, 45
45, 133
133, 45
45, 149
149, 45
45, 615
615, 45
45, 629
629, 45
45, 532
532, 45
45, 447
447, 45
45, 305
305, 45
45, 109
109, 45
45, 308
308, 45
45, 492
492, 45
45, 46
46, 45
45, 172
172, 45
45, 192
192, 45
45, 58
58, 45
45, 716
716, 45
45, 106
106, 45
45, 299
299, 45
45, 48
48, 45
46, 200
200, 46
46, 205
205, 46
46, 118
118, 46
46, 684
684, 46
46, 147
147, 46
46, 324
324, 46
46, 88
88, 46
46, 319
319, 46
46, 99
99, 46
46, 172
172, 46
46, 74
74, 46
46, 77
77, 46
46, 311
311, 46
46, 182
182, 46
46, 240
240, 46
46, 710
710, 46
46, 64
64, 46
46, 532
532, 46
46, 447
447, 46
46, 385
385, 46
46, 305
305, 46
46, 399
399, 46
46, 522
522, 46
47, 402
402, 47
47, 279
279, 47
47, 224
224, 47
47, 160
160, 47
47, 179
179, 47
47, 87
87, 47
47, 169
169, 47
47, 706
706, 47
47, 474
474, 47
47, 101
101, 47
47, 199
199, 47
47, 459
459, 47
47, 191
191, 47
47, 255
255, 47
47, 73
73, 47
47, 793
793, 47
47, 122
122, 47
47, 827
827, 47
48, 200
200, 48
48, 205
205, 48
48, 553
553, 48
48, 776
776, 48
48, 674
674, 48
48, 372
372, 48
48, 270
270, 48
48, 739
739, 48
48, 75
75, 48
48, 64
64, 48
48, 133
133, 48
48, 127
127, 48
48, 150
150, 48
48, 54
54, 48
48, 49
49, 48
48, 291
291, 48
48, 58
58, 48
49, 470
470, 49
49, 164
164, 49
49, 262
262, 49
49, 209
209, 49
49, 785
785, 49
49, 744
744, 49
49, 668
668, 49
49, 659
659, 49
49, 531
531, 49
49, 259
259, 49
50, 141
141, 50
50, 267
267, 50
50, 710
710, 50
50, 64
64, 50
50, 102
102, 50
50, 284
284, 50
50, 441
441, 50
50, 140
140, 50
50, 59
59, 50
50, 266
266, 50
50, 479
479, 50
50, 153
153, 50
50, 672
672, 50
50, 582
582, 50
51, 588
588, 51
51, 759
759, 51
51, 92
92, 51
51, 557
557, 51
51, 79
79, 51
51, 758
758, 51
51, 715
715, 51
51, 801
801, 51
51, 108
108, 51
52, 271
271, 52
52, 286
286, 52
52, 108
108, 52
52, 363
363, 52
52, 109
109, 52
52, 500
500, 52
52, 207
207, 52
52, 471
471, 52
52, 663
663, 52
52, 525
525, 52
52, 735
735, 52
52, 425
425, 52
52, 386
386, 52
52, 729
729, 52
53, 134
134, 53
53, 83
83, 53
53, 601
601, 53
53, 480
480, 53
53, 104
104, 53
53, 611
611, 53
53, 80
80, 53
53, 565
565, 53
53, 177
177, 53
53, 54
54, 53
54, 417
417, 54
54, 448
448, 54
54, 98
98, 54
54, 380
380, 54
54, 442
442, 54
54, 551
551, 54
54, 234
234, 54
54, 124
124, 54
54, 481
481, 54
54, 194
194, 54
54, 456
456, 54
54, 443
443, 54
54, 303
303, 54
54, 68
68, 54
54, 387
387, 54
54, 168
168, 54
54, 338
338, 54
55, 383
383, 55
55, 436
436, 55
55, 420
420, 55
55, 112
112, 55
56, 75
75, 56
56, 64
64, 56
56, 80
80, 56
56, 439
439, 56
56, 198
198, 56
56, 685
685, 56
56, 261
261, 56
56, 508
508, 56
56, 67
67, 56
56, 511
511, 56
56, 475
475, 56
57, 558
558, 57
57, 249
249, 57
57, 510
510, 57
57, 97
97, 57
57, 77
77, 57
57, 782
782, 57
57, 665
665, 57
57, 826
826, 57
57, 80
80, 57
57, 93
93, 57
57, 177
177, 57
57, 139
139, 57
57, 694
694, 57
57, 215
215, 57
57, 293
293, 57
57, 258
258, 57
58, 141
141, 58
58, 281
281, 58
58, 254
254, 58
58, 99
99, 58
58, 100
100, 58
58, 288
288, 58
58, 64
64, 58
58, 711
711, 58
58, 80
80, 58
58, 151
151, 58
58, 127
127, 58
58, 245
245, 58
58, 585
585, 58
59, 384
384, 59
59, 341
341, 59
59, 98
98, 59
59, 780
780, 59
59, 145
145, 59
59, 833
833, 59
59, 267
267, 59
59, 561
561, 59
59, 479
479, 59
59, 650
650, 59
59, 266
266, 59
59, 239
239, 59
59, 376
376, 59
59, 210
210, 59
59, 184
184, 59
59, 284
284, 59
59, 499
499, 59
59, 188
188, 59
60, 262
262, 60
60, 186
186, 60
60, 605
605, 60
60, 366
366, 60
60, 140
140, 60
60, 651
651, 60
60, 648
648, 60
60, 138
138, 60
60, 500
500, 60
61, 233
233, 61
61, 395
395, 61
61, 139
139, 61
61, 72
72, 61
61, 533
533, 61
61, 520
520, 61
61, 518
518, 61
61, 290
290, 61
61, 135
135, 61
61, 472
472, 61
61, 113
113, 61
61, 669
669, 61
61, 449
449, 61
61, 386
386, 61
61, 241
241, 61
62, 177
177, 62
62, 285
285, 62
62, 111
111, 62
62, 83
83, 62
62, 336
336, 62
62, 381
381, 62
62, 366
366, 62
62, 541
541, 62
62, 63
63, 62
62, 576
576, 62
63, 141
141, 63
63, 200
200, 63
63, 576
576, 63
63, 174
174, 63
63, 96
96, 63
63, 192
192, 63
63, 740
740, 63
63, 291
291, 63
63, 431
431, 63
63, 263
263, 63
64, 141
141, 64
64, 133
133, 64
64, 492
492, 64
64, 238
238, 64
64, 658
658, 64
64, 88
88, 64
64, 716
716, 64
64, 532
532, 64
64, 187
187, 64
64, 185
185, 64
64, 348
348, 64
64, 553
553, 64
64, 192
192, 64
64, 630
630, 64
64, 308
308, 64
64, 172
172, 64
64, 629
629, 64
64, 161
161, 64
64, 547
547, 64
64, 751
751, 64
64, 383
383, 64
64, 564
564, 64
64, 75
75, 64
64, 217
217, 64
65, 422
422, 65
65, 653
653, 65
65, 129
129, 65
65, 536
536, 65
65, 89
89, 65
65, 120
120, 65
65, 396
396, 65
65, 210
210, 65
65, 340
340, 65
65, 148
148, 65
65, 575
575, 65
65, 177
177, 65
65, 257
257, 65
65, 438
438, 65
65, 139
139, 65
65, 363
363, 65
66, 195
195, 66
66, 212
212, 66
66, 199
199, 66
66, 283
283, 66
66, 401
401, 66
66, 294
294, 66
66, 160
160, 66
66, 549
549, 66
66, 85
85, 66
66, 462
462, 66
66, 681
681, 66
67, 88
88, 67
67, 121
121, 67
67, 547
547, 67
67, 383
383, 67
67, 133
133, 67
67, 248
248, 67
67, 333
333, 67
67, 377
377, 67
67, 278
278, 67
67, 78
78, 67
67, 190
190, 67
67, 147
147, 67
67, 519
519, 67
67, 106
106, 67
67, 153
153, 67
67, 98
98, 67
67, 116
116, 67
68, 134
134, 68
68, 554
554, 68
68, 489
489, 68
68, 282
282, 68
68, 71
71, 68
68, 350
350, 68
68, 82
82, 68
68, 148
148, 68
68, 575
575, 68
69, 349
349, 69
69, 398
398, 69
69, 538
538, 69
69, 394
394, 69
69, 174
174, 69
69, 407
407, 69
70, 269
269, 70
70, 316
316, 70
70, 677
677, 70
70, 372
372, 70
70, 173
173, 70
70, 150
150, 70
70, 203
203, 70
70, 825
825, 70
70, 277
277, 70
70, 446
446, 70
70, 674
674, 70
70, 776
776, 70
70, 346
346, 70
70, 683
683, 70
71, 393
393, 71
71, 587
587, 71
71, 124
124, 71
71, 370
370, 71
71, 330
330, 71
71, 556
556, 71
71, 729
729, 71
71, 670
670, 71
71, 142
142, 71
71, 231
231, 71
72, 109
109, 72
72, 305
305, 72
72, 172
172, 72
72, 78
78, 72
72, 747
747, 72
72, 492
492, 72
72, 746
746, 72
72, 452
452, 72
72, 342
342, 72
72, 270
270, 72
72, 146
146, 72
72, 331
331, 72
72, 550
550, 72
73, 583
583, 73
73, 279
279, 73
73, 268
268, 73
73, 122
122, 73
73, 793
793, 73
73, 224
224, 73
73, 160
160, 73
73, 179
179, 73
73, 415
415, 73
73, 101
101, 73
73, 199
199, 73
73, 157
157, 73
73, 191
191, 73
74, 141
141, 74
74, 153
153, 74
74, 684
684, 74
74, 172
172, 74
74, 147
147, 74
74, 324
324, 74
74, 221
221, 74
74, 88
88, 74
74, 192
192, 74
74, 311
311, 74
74, 447
447, 74
74, 492
492, 74
74, 834
834, 74
75, 141
141, 75
75, 133
133, 75
75, 313
313, 75
75, 532
532, 75
75, 217
217, 75
75, 723
723, 75
75, 553
553, 75
75, 319
319, 75
75, 172
172, 75
75, 630
630, 75
75, 192
192, 75
75, 348
348, 75
75, 278
278, 75
75, 109
109, 75
75, 842
842, 75
75, 629
629, 75
75, 110
110, 75
75, 547
547, 75
75, 751
751, 75
75, 383
383, 75
75, 564
564, 75
75, 739
739, 75
76, 316
316, 76
76, 790
790, 76
76, 165
165, 76
76, 400
400, 76
76, 122
122, 76
76, 115
115, 76
76, 389
389, 76
76, 288
288, 76
76, 278
278, 76
77, 200
200, 77
77, 118
118, 77
77, 558
558, 77
77, 310
310, 77
77, 260
260, 77
77, 151
151, 77
77, 158
158, 77
77, 99
99, 77
77, 127
127, 77
77, 665
665, 77
77, 782
782, 77
77, 249
249, 77
77, 510
510, 77
77, 97
97, 77
78, 577
577, 78
78, 190
190, 78
78, 472
472, 78
78, 281
281, 78
78, 493
493, 78
78, 476
476, 78
78, 598
598, 78
78, 540
540, 78
78, 116
116, 78
78, 234
234, 78
78, 123
123, 78
78, 121
121, 78
78, 163
163, 78
78, 286
286, 78
78, 501
501, 78
78, 150
150, 78
78, 305
305, 78
78, 416
416, 78
79, 111
111, 79
79, 81
81, 79
79, 425
425, 79
79, 556
556, 79
79, 343
343, 79
79, 93
93, 79
80, 207
207, 80
80, 537
537, 80
80, 90
90, 80
80, 104
104, 80
80, 597
597, 80
80, 198
198, 80
81, 166
166, 81
81, 733
733, 81
81, 125
125, 81
81, 632
632, 81
81, 154
154, 81
81, 337
337, 81
81, 427
427, 81
81, 87
87, 81
81, 296
296, 81
81, 435
435, 81
82, 237
237, 82
82, 800
800, 82
82, 482
482, 82
82, 799
799, 82
82, 420
420, 82
83, 219
219, 83
83, 387
387, 83
83, 177
177, 83
83, 139
139, 83
83, 478
478, 83
83, 244
244, 83
83, 138
138, 83
83, 336
336, 83
83, 491
491, 83
83, 425
425, 83
83, 335
335, 83
83, 448
448, 83
84, 296
296, 84
85, 237
237, 85
85, 622
622, 85
85, 413
413, 85
85, 632
632, 85
85, 507
507, 85
85, 148
148, 85
85, 160
160, 85
85, 346
346, 85
85, 277
277, 85
85, 201
201, 85
86, 267
267, 86
86, 311
311, 86
86, 211
211, 86
86, 640
640, 86
86, 187
187, 86
86, 175
175, 86
86, 357
357, 86
87, 521
521, 87
87, 484
484, 87
87, 296
296, 87
87, 654
654, 87
87, 312
312, 87
87, 219
219, 87
87, 427
427, 87
87, 165
165, 87
87, 95
95, 87
88, 348
348, 88
88, 311
311, 88
88, 383
383, 88
88, 447
447, 88
88, 555
555, 88
88, 684
684, 88
88, 577
577, 88
88, 716
716, 88
88, 147
147, 88
88, 175
175, 88
88, 106
106, 88
88, 185
185, 88
88, 141
141, 88
89, 593
593, 89
89, 432
432, 89
89, 155
155, 89
89, 352
352, 89
89, 90
90, 89
89, 536
536, 89
89, 272
272, 89
89, 578
578, 89
89, 189
189, 89
89, 419
419, 89
89, 193
193, 89
89, 721
721, 89
89, 615
615, 89
89, 333
333, 89
89, 120
120, 89
89, 207
207, 89
89, 299
299, 89
90, 258
258, 90
90, 375
375, 90
90, 286
286, 90
90, 102
102, 90
90, 115
115, 90
90, 322
322, 90
90, 181
181, 90
90, 229
229, 90
90, 601
601, 90
90, 198
198, 90
90, 655
655, 90
90, 537
537, 90
91, 128
128, 91
91, 399
399, 91
91, 637
637, 91
91, 839
839, 91
91, 731
731, 91
91, 357
357, 91
91, 705
705, 91
91, 475
475, 91
92, 108
108, 92
92, 758
758, 92
92, 759
759, 92
92, 557
557, 92
92, 588
588, 92
92, 355
355, 92
92, 803
803, 92
92, 290
290, 92
92, 457
457, 92
92, 216
216, 92
92, 514
514, 92
92, 662
662, 92
93, 414
414, 93
93, 503
503, 93
93, 246
246, 93
93, 101
101, 93
93, 152
152, 93
94, 341
341, 94
94, 468
468, 94
94, 794
794, 94
94, 96
96, 94
94, 332
332, 94
94, 586
586, 94
94, 366
366, 94
94, 145
145, 94
95, 733
733, 95
95, 526
526, 95
95, 480
480, 95
95, 463
463, 95
95, 332
332, 95
95, 647
647, 95
95, 770
770, 95
95, 478
478, 95
95, 165
165, 95
96, 395
395, 96
96, 586
586, 96
96, 229
229, 96
96, 614
614, 96
96, 145
145, 96
96, 843
843, 96
96, 111
111, 96
96, 301
301, 96
96, 794
794, 96
97, 591
591, 97
97, 330
330, 97
97, 686
686, 97
97, 809
809, 97
97, 206
206, 97
97, 558
558, 97
97, 782
782, 97
97, 178
178, 97
97, 665
665, 97
97, 127
127, 97
97, 151
151, 97
97, 249
249, 97
97, 510
510, 97
98, 352
352, 98
98, 116
116, 98
98, 559
559, 98
98, 137
137, 98
98, 385
385, 98
98, 544
544, 98
98, 481
481, 98
98, 188
188, 98
98, 477
477, 98
98, 239
239, 98
98, 479
479, 98
98, 650
650, 98
98, 153
153, 98
98, 180
180, 98
98, 582
582, 98
99, 504
504, 99
99, 468
468, 99
99, 200
200, 99
99, 502
502, 99
99, 118
118, 99
99, 315
315, 99
99, 319
319, 99
99, 270
270, 99
99, 645
645, 99
99, 434
434, 99
99, 127
127, 99
99, 447
447, 99
99, 385
385, 99
99, 158
158, 99
99, 256
256, 99
99, 577
577, 99
100, 408
408, 100
100, 116
116, 100
100, 666
666, 100
100, 802
802, 100
100, 132
132, 100
101, 268
268, 101
101, 300
300, 101
101, 426
426, 101
101, 265
265, 101
101, 706
706, 101
101, 152
152, 101
102, 378
378, 102
102, 485
485, 102
102, 444
444, 102
102, 655
655, 102
102, 537
537, 102
102, 361
361, 102
102, 198
198, 102
102, 329
329, 102
103, 241
241, 103
103, 396
396, 103
103, 473
473, 103
103, 257
257, 103
103, 314
314, 103
103, 509
509, 103
103, 226
226, 103
103, 815
815, 103
104, 480
480, 104
104, 436
436, 104
104, 228
228, 104
104, 310
310, 104
104, 653
653, 104
104, 523
523, 104
104, 215
215, 104
104, 398
398, 104
105, 307
307, 105
105, 281
281, 105
105, 593
593, 105
105, 213
213, 105
105, 375
375, 105
105, 600
600, 105
105, 617
617, 105
105, 169
169, 105
106, 164
164, 106
106, 344
344, 106
106, 112
112, 106
106, 116
116, 106
106, 365
365, 106
106, 217
217, 106
106, 585
585, 106
106, 278
278, 106
106, 562
562, 106
106, 308
308, 106
106, 522
522, 106
107, 728
728, 107
107, 307
307, 107
107, 451
451, 107
107, 148
148, 107
107, 730
730, 107
107, 289
289, 107
108, 571
571, 108
108, 481
481, 108
108, 234
234, 108
108, 784
784, 108
108, 619
619, 108
108, 143
143, 108
108, 230
230, 108
108, 382
382, 108
108, 487
487, 108
109, 301
301, 109
109, 687
687, 109
109, 192
192, 109
109, 552
552, 109
109, 716
716, 109
109, 601
601, 109
109, 735
735, 109
109, 187
187, 109
109, 172
172, 109
109, 630
630, 109
109, 814
814, 109
109, 270
270, 109
109, 182
182, 109
109, 146
146, 109
109, 547
547, 109
109, 751
751, 109
109, 383
383, 109
109, 564
564, 109
109, 217
217, 109
109, 203
203, 109
109, 229
229, 109
110, 269
269, 110
110, 212
212, 110
110, 127
127, 110
110, 772
772, 110
110, 680
680, 110
110, 162
162, 110
110, 446
446, 110
110, 194
194, 110
110, 663
663, 110
111, 301
301, 111
111, 723
723, 111
111, 441
441, 111
111, 140
140, 111
111, 173
173, 111
111, 697
697, 111
111, 804
804, 111
111, 336
336, 111
111, 628
628, 111
111, 422
422, 111
112, 344
344, 112
112, 365
365, 112
112, 764
764, 112
112, 562
562, 112
113, 669
669, 113
113, 688
688, 113
113, 567
567, 113
113, 252
252, 113
113, 449
449, 113
113, 287
287, 113
113, 233
233, 113
113, 657
657, 113
113, 533
533, 113
113, 520
520, 113
113, 518
518, 113
113, 290
290, 113
113, 135
135, 113
114, 307
307, 114
114, 741
741, 114
114, 511
511, 114
114, 283
283, 114
114, 154
154, 114
114, 660
660, 114
114, 213
213, 114
114, 241
241, 114
114, 210
210, 114
114, 484
484, 114
114, 672
672, 114
114, 242
242, 114
115, 165
165, 115
115, 489
489, 115
115, 537
537, 115
115, 379
379, 115
115, 198
198, 115
115, 646
646, 115
115, 322
322, 115
115, 295
295, 115
116, 121
121, 116
116, 837
837, 116
116, 377
377, 116
116, 278
278, 116
116, 603
603, 116
116, 190
190, 116
116, 147
147, 116
116, 519
519, 116
117, 222
222, 117
117, 423
423, 117
117, 120
120, 117
118, 504
504, 118
118, 269
269, 118
118, 200
200, 118
118, 164
164, 118
118, 502
502, 118
118, 151
151, 118
118, 127
127, 118
118, 245
245, 118
118, 447
447, 118
118, 385
385, 118
118, 158
158, 118
119, 475
475, 119
119, 600
600, 119
119, 304
304, 119
119, 423
423, 119
119, 171
171, 119
119, 696
696, 119
119, 568
568, 119
119, 416
416, 119
119, 243
243, 119
119, 159
159, 119
119, 590
590, 119
119, 695
695, 119
119, 196
196, 119
120, 495
495, 120
120, 376
376, 120
120, 479
479, 120
120, 579
579, 120
120, 210
210, 120
120, 184
184, 120
120, 284
284, 120
120, 188
188, 120
120, 561
561, 120
120, 239
239, 120
121, 608
608, 121
121, 461
461, 121
121, 460
460, 121
121, 501
501, 121
121, 416
416, 121
121, 493
493, 121
121, 135
135, 121
121, 264
264, 121
121, 476
476, 121
121, 472
472, 121
121, 234
234, 121
121, 281
281, 121
122, 583
583, 122
122, 279
279, 122
122, 402
402, 122
122, 224
224, 122
122, 179
179, 122
122, 265
265, 122
122, 474
474, 122
122, 199
199, 122
122, 180
180, 122
122, 191
191, 122
122, 255
255, 122
123, 424
424, 123
123, 748
748, 123
123, 129
129, 123
123, 163
163, 123
123, 219
219, 123
123, 543
543, 123
123, 202
202, 123
124, 536
536, 124
124, 737
737, 124
124, 448
448, 124
124, 249
249, 124
124, 387
387, 124
124, 184
184, 124
124, 377
377, 124
124, 168
168, 124
124, 138
138, 124
124, 194
194, 124
125, 359
359, 125
125, 201
201, 125
125, 360
360, 125
125, 632
632, 125
126, 143
143, 126
126, 574
574, 126
126, 631
631, 126
126, 411
411, 126
127, 200
200, 127
127, 310
310, 127
127, 425
425, 127
127, 599
599, 127
127, 769
769, 127
127, 519
519, 127
127, 245
245, 127
127, 158
158, 127
127, 711
711, 127
127, 151
151, 127
127, 591
591, 127
128, 705
705, 128
128, 830
830, 128
128, 637
637, 128
128, 357
357, 128
128, 399
399, 128
128, 690
690, 128
128, 765
765, 128
129, 223
223, 129
129, 396
396, 129
129, 664
664, 129
129, 148
148, 129
129, 257
257, 129
129, 438
438, 129
129, 671
671, 129
129, 424
424, 129
130, 744
744, 130
130, 312
312, 130
130, 549
549, 130
130, 239
239, 130
130, 266
266, 130
130, 483
483, 130
131, 450
450, 131
131, 693
693, 131
131, 421
421, 131
131, 455
455, 131
131, 788
788, 131
132, 454
454, 132
132, 654
654, 132
132, 215
215, 132
132, 359
359, 132
132, 427
427, 132
133, 630
630, 133
133, 172
172, 133
133, 388
388, 133
133, 548
548, 133
133, 771
771, 133
133, 687
687, 133
133, 348
348, 133
133, 823
823, 133
133, 723
723, 133
133, 203
203, 133
133, 192
192, 133
133, 629
629, 133
133, 572
572, 133
133, 547
547, 133
133, 751
751, 133
133, 383
383, 133
133, 564
564, 133
134, 196
196, 134
134, 209
209, 134
134, 571
571, 134
134, 819
819, 134
134, 235
235, 134
134, 430
430, 134
135, 669
669, 135
135, 205
205, 135
135, 472
472, 135
135, 540
540, 135
135, 719
719, 135
135, 449
449, 135
135, 584
584, 135
135, 501
501, 135
135, 493
493, 135
136, 239
239, 136
136, 486
486, 136
136, 352
352, 136
136, 596
596, 136
136, 471
471, 136
136, 326
326, 136
136, 343
343, 136
136, 137
137, 136
136, 188
188, 136
136, 208
208, 136
136, 752
752, 136
137, 153
153, 137
137, 251
251, 137
137, 376
376, 137
137, 239
239, 137
137, 266
266, 137
137, 717
717, 137
137, 477
477, 137
137, 284
284, 137
137, 188
188, 137
137, 479
479, 137
137, 661
661, 137
137, 524
524, 137
137, 742
742, 137
137, 496
496, 137
137, 462
462, 137
137, 559
559, 137
138, 624
624, 138
138, 448
448, 138
138, 406
406, 138
138, 177
177, 138
138, 697
697, 138
138, 804
804, 138
139, 386
386, 139
139, 156
156, 139
139, 444
444, 139
139, 541
541, 139
139, 369
369, 139
140, 141
141, 140
140, 195
195, 140
140, 500
500, 140
140, 336
336, 140
140, 301
301, 140
140, 271
271, 140
140, 628
628, 140
140, 177
177, 140
140, 366
366, 140
141, 348
348, 141
141, 658
658, 141
141, 553
553, 141
141, 174
174, 141
141, 383
383, 141
141, 217
217, 141
141, 629
629, 141
141, 532
532, 141
141, 308
308, 141
141, 291
291, 141
141, 492
492, 141
141, 522
522, 141
141, 172
172, 141
141, 192
192, 141
141, 630
630, 141
142, 418
418, 142
142, 261
261, 142
142, 231
231, 142
142, 640
640, 142
142, 443
443, 142
142, 230
230, 142
142, 287
287, 142
143, 287
287, 143
143, 382
382, 143
143, 167
167, 143
143, 370
370, 143
143, 619
619, 143
144, 269
269, 144
144, 324
324, 144
144, 431
431, 144
144, 316
316, 144
144, 323
323, 144
145, 783
783, 145
145, 183
183, 145
145, 578
578, 145
145, 536
536, 145
145, 272
272, 145
145, 843
843, 145
145, 780
780, 145
145, 586
586, 145
145, 366
366, 145
145, 173
173, 145
145, 653
653, 145
145, 561
561, 145
146, 677
677, 146
146, 454
454, 146
146, 317
317, 146
146, 173
173, 146
146, 227
227, 146
146, 416
416, 146
146, 203
203, 146
146, 236
236, 146
146, 687
687, 146
147, 237
237, 147
147, 164
164, 147
147, 180
180, 147
147, 365
365, 147
147, 447
447, 147
147, 179
179, 147
147, 684
684, 147
147, 577
577, 147
148, 424
424, 148
148, 257
257, 148
148, 350
350, 148
148, 575
575, 148
148, 664
664, 148
148, 340
340, 148
149, 232
232, 149
149, 599
599, 149
149, 225
225, 149
149, 612
612, 149
149, 520
520, 149
149, 226
226, 149
149, 615
615, 149
149, 158
158, 149
149, 193
193, 149
149, 515
515, 149
150, 680
680, 150
150, 372
372, 150
150, 674
674, 150
150, 776
776, 150
150, 326
326, 150
150, 683
683, 150
150, 607
607, 150
151, 428
428, 151
151, 591
591, 151
151, 315
315, 151
151, 310
310, 151
151, 599
599, 151
151, 769
769, 151
151, 519
519, 151
151, 184
184, 151
151, 245
245, 151
151, 158
158, 151
151, 288
288, 151
151, 178
178, 151
151, 304
304, 151
152, 325
325, 152
152, 220
220, 152
153, 596
596, 153
153, 352
352, 153
153, 496
496, 153
153, 559
559, 153
153, 544
544, 153
153, 158
158, 153
153, 568
568, 153
153, 239
239, 153
154, 166
166, 154
154, 307
307, 154
154, 283
283, 154
154, 600
600, 154
154, 161
161, 154
154, 413
413, 154
154, 206
206, 154
154, 435
435, 154
154, 213
213, 154
154, 375
375, 154
155, 327
327, 155
155, 304
304, 155
155, 299
299, 155
155, 272
272, 155
155, 432
432, 155
156, 560
560, 156
156, 609
609, 156
156, 336
336, 156
156, 215
215, 156
157, 381
381, 157
157, 279
279, 157
157, 373
373, 157
157, 223
223, 157
157, 259
259, 157
157, 227
227, 157
157, 474
474, 157
158, 791
791, 158
158, 200
200, 158
158, 315
315, 158
158, 310
310, 158
158, 534
534, 158
158, 419
419, 158
158, 193
193, 158
158, 711
711, 158
159, 401
401, 159
159, 570
570, 159
159, 474
474, 159
159, 204
204, 159
159, 590
590, 159
159, 260
260, 159
159, 390
390, 159
159, 338
338, 159
160, 583
583, 160
160, 622
622, 160
160, 567
567, 160
160, 279
279, 160
160, 345
345, 160
160, 298
298, 160
161, 213
213, 161
161, 354
354, 161
161, 692
692, 161
162, 490
490, 162
162, 692
692, 162
162, 643
643, 162
162, 574
574, 162
162, 750
750, 162
162, 535
535, 162
163, 693
693, 163
163, 724
724, 163
164, 659
659, 164
164, 217
217, 164
164, 434
434, 164
164, 563
563, 164
165, 195
195, 165
165, 733
733, 165
165, 526
526, 165
165, 549
549, 165
165, 296
296, 165
165, 401
401, 165
165, 212
212, 165
165, 790
790, 165
166, 419
419, 166
166, 310
310, 166
166, 243
243, 166
166, 602
602, 166
166, 435
435, 166
166, 734
734, 166
166, 632
632, 166
167, 817
817, 167
167, 594
594, 167
167, 287
287, 167
167, 374
374, 167
168, 718
718, 168
168, 442
442, 168
168, 294
294, 168
169, 190
190, 169
169, 619
619, 169
169, 573
573, 169
169, 234
234, 169
169, 686
686, 169
169, 533
533, 169
169, 273
273, 169
169, 493
493, 169
170, 199
199, 170
170, 368
368, 170
170, 473
473, 170
170, 300
300, 170
171, 320
320, 171
171, 299
299, 171
171, 696
696, 171
171, 196
196, 171
172, 192
192, 172
172, 630
630, 172
172, 658
658, 172
172, 348
348, 172
172, 240
240, 172
172, 710
710, 172
172, 547
547, 172
172, 751
751, 172
172, 383
383, 172
172, 564
564, 172
172, 550
550, 172
172, 629
629, 172
172, 532
532, 172
172, 447
447, 172
172, 385
385, 172
172, 203
203, 172
172, 746
746, 172
172, 492
492, 172
172, 834
834, 172
172, 747
747, 172
173, 677
677, 173
173, 760
760, 173
173, 779
779, 173
173, 825
825, 173
174, 507
507, 174
174, 394
394, 174
175, 237
237, 175
175, 713
713, 175
175, 839
839, 175
175, 667
667, 175
175, 357
357, 175
175, 643
643, 175
175, 311
311, 175
175, 659
659, 175
175, 399
399, 175
175, 637
637, 175
176, 734
734, 176
176, 252
252, 176
176, 235
235, 176
176, 233
233, 176
176, 528
528, 176
177, 316
316, 177
177, 628
628, 177
177, 336
336, 177
178, 390
390, 178
178, 599
599, 178
178, 769
769, 178
178, 370
370, 178
178, 245
245, 178
178, 745
745, 178
178, 591
591, 178
179, 509
509, 179
179, 279
279, 179
179, 253
253, 179
179, 191
191, 179
179, 224
224, 179
180, 496
496, 180
180, 225
225, 180
180, 582
582, 180
180, 671
671, 180
181, 229
229, 181
181, 488
488, 181
181, 277
277, 181
181, 224
224, 181
181, 270
270, 181
181, 253
253, 181
182, 205
205, 182
182, 582
582, 182
182, 191
191, 182
182, 273
273, 182
182, 447
447, 182
182, 229
229, 182
182, 189
189, 182
183, 246
246, 183
183, 233
233, 183
183, 837
837, 183
183, 721
721, 183
183, 653
653, 183
183, 190
190, 183
184, 591
591, 184
184, 650
650, 184
184, 769
769, 184
184, 479
479, 184
184, 284
284, 184
184, 767
767, 184
184, 288
288, 184
184, 326
326, 184
185, 658
658, 185
185, 252
252, 185
185, 348
348, 185
185, 673
673, 185
185, 620
620, 185
185, 714
714, 185
185, 566
566, 185
185, 555
555, 185
185, 187
187, 185
185, 522
522, 185
186, 589
589, 186
186, 321
321, 186
187, 755
755, 187
187, 334
334, 187
187, 601
601, 187
188, 376
376, 188
188, 239
239, 188
188, 266
266, 188
188, 477
477, 188
188, 582
582, 188
188, 496
496, 188
188, 479
479, 188
188, 661
661, 188
188, 835
835, 188
188, 524
524, 188
188, 742
742, 188
188, 462
462, 188
188, 620
620, 188
188, 559
559, 188
188, 284
284, 188
189, 721
721, 189
189, 728
728, 189
189, 437
437, 189
189, 593
593, 189
189, 263
263, 189
189, 193
193, 189
189, 207
207, 189
189, 477
477, 189
189, 302
302, 189
189, 596
596, 189
189, 536
536, 189
189, 578
578, 189
190, 472
472, 190
190, 352
352, 190
190, 548
548, 190
190, 490
490, 190
190, 502
502, 190
190, 837
837, 190
190, 501
501, 190
190, 629
629, 190
190, 248
248, 190
190, 333
333, 190
190, 686
686, 190
190, 493
493, 190
191, 279
279, 191
191, 224
224, 191
191, 808
808, 191
191, 415
415, 191
191, 229
229, 191
192, 658
658, 192
192, 630
630, 192
192, 324
324, 192
192, 348
348, 192
192, 553
553, 192
192, 301
301, 192
192, 687
687, 192
192, 357
357, 192
192, 383
383, 192
192, 629
629, 192
192, 532
532, 192
192, 813
813, 192
192, 203
203, 192
192, 399
399, 192
192, 637
637, 192
192, 492
492, 192
193, 228
228, 193
193, 432
432, 193
193, 703
703, 193
193, 335
335, 193
193, 615
615, 193
193, 272
272, 193
193, 299
299, 193
193, 419
419, 193
194, 551
551, 194
194, 448
448, 194
194, 380
380, 194
194, 443
443, 194
194, 387
387, 194
194, 481
481, 194
194, 274
274, 194
194, 458
458, 194
194, 417
417, 194
194, 372
372, 194
195, 741
741, 195
195, 204
204, 195
195, 401
401, 195
195, 587
587, 195
195, 818
818, 195
195, 549
549, 195
196, 229
229, 196
196, 197
197, 196
196, 568
568, 196
196, 614
614, 196
196, 695
695, 196
197, 633
633, 197
197, 421
421, 197
198, 655
655, 198
198, 537
537, 198
198, 215
215, 198
198, 512
512, 198
198, 550
550, 198
198, 322
322, 198
198, 363
363, 198
198, 541
541, 198
198, 601
601, 198
199, 753
753, 199
199, 649
649, 199
199, 474
474, 199
200, 460
460, 200
200, 284
284, 200
200, 229
229, 200
200, 366
366, 200
200, 684
684, 200
200, 335
335, 200
202, 781
781, 202
202, 208
208, 202
202, 510
510, 202
202, 675
675, 202
203, 363
363, 203
203, 388
388, 203
203, 534
534, 203
203, 687
687, 203
203, 546
546, 203
203, 442
442, 203
204, 384
384, 204
204, 378
378, 204
204, 314
314, 204
204, 549
549, 204
204, 401
401, 204
205, 291
291, 205
206, 213
213, 206
206, 375
375, 206
206, 600
600, 206
206, 608
608, 206
206, 441
441, 206
206, 368
368, 206
207, 495
495, 207
207, 471
471, 207
207, 579
579, 207
207, 272
272, 207
207, 331
331, 207
207, 286
286, 207
207, 266
266, 207
208, 618
618, 208
208, 280
280, 208
208, 810
810, 208
210, 790
790, 210
210, 283
283, 210
210, 370
370, 210
210, 653
653, 210
210, 347
347, 210
211, 410
410, 211
211, 231
231, 211
212, 454
454, 212
212, 400
400, 212
212, 621
621, 212
212, 480
480, 212
212, 549
549, 212
212, 283
283, 212
212, 756
756, 212
213, 307
307, 213
213, 283
283, 213
213, 341
341, 213
213, 600
600, 213
213, 364
364, 213
213, 676
676, 213
214, 638
638, 214
214, 332
332, 214
214, 276
276, 214
215, 558
558, 215
215, 485
485, 215
215, 242
242, 215
215, 503
503, 215
215, 458
458, 215
216, 635
635, 216
216, 636
636, 216
217, 238
238, 217
217, 522
522, 217
217, 555
555, 217
217, 308
308, 217
217, 630
630, 217
217, 535
535, 217
217, 629
629, 217
217, 842
842, 217
217, 553
553, 217
217, 383
383, 217
218, 412
412, 218
218, 702
702, 218
219, 293
293, 219
219, 649
649, 219
219, 826
826, 219
220, 464
464, 220
220, 654
654, 220
220, 712
712, 220
220, 484
484, 220
220, 465
465, 220
223, 796
796, 223
223, 259
259, 223
223, 428
428, 223
223, 246
246, 223
223, 455
455, 223
224, 569
569, 224
224, 436
436, 224
224, 793
793, 224
224, 253
253, 224
224, 415
415, 224
225, 592
592, 225
225, 599
599, 225
225, 511
511, 225
226, 232
232, 226
226, 743
743, 226
226, 314
314, 226
227, 279
279, 227
228, 319
319, 228
228, 703
703, 228
228, 304
304, 228
228, 419
419, 228
228, 817
817, 228
228, 542
542, 228
229, 393
393, 229
229, 446
446, 229
229, 601
601, 229
229, 270
270, 229
229, 441
441, 229
230, 318
318, 230
230, 274
274, 230
230, 287
287, 230
230, 418
418, 230
230, 261
261, 230
230, 282
282, 230
230, 498
498, 230
230, 292
292, 230
230, 740
740, 230
230, 382
382, 230
230, 803
803, 230
231, 456
456, 231
232, 495
495, 232
232, 614
614, 232
232, 743
743, 232
233, 472
472, 233
233, 476
476, 233
233, 234
234, 233
233, 518
518, 233
233, 449
449, 233
233, 290
290, 233
233, 533
533, 233
233, 306
306, 233
233, 584
584, 233
234, 442
442, 234
234, 501
501, 234
234, 487
487, 234
234, 493
493, 234
234, 476
476, 234
234, 472
472, 234
234, 619
619, 234
235, 699
699, 235
235, 420
420, 235
236, 367
367, 236
236, 706
706, 236
237, 667
667, 237
237, 678
678, 237
237, 470
470, 237
238, 638
638, 238
238, 329
329, 238
239, 833
833, 239
239, 650
650, 239
239, 376
376, 239
239, 725
725, 239
239, 582
582, 239
239, 267
267, 239
239, 479
479, 239
239, 266
266, 239
239, 280
280, 239
239, 561
561, 239
240, 645
645, 240
240, 841
841, 240
240, 532
532, 240
240, 385
385, 240
240, 519
519, 240
240, 494
494, 240
240, 710
710, 240
240, 447
447, 240
240, 403
403, 240
241, 395
395, 241
241, 280
280, 241
241, 468
468, 241
242, 511
511, 242
242, 558
558, 242
242, 484
484, 242
242, 820
820, 242
243, 401
401, 243
243, 570
570, 243
243, 590
590, 243
244, 364
364, 244
244, 491
491, 244
244, 494
494, 244
244, 555
555, 244
245, 310
310, 245
245, 769
769, 245
245, 762
762, 245
246, 613
613, 246
247, 384
384, 247
248, 333
333, 248
248, 397
397, 248
249, 558
558, 249
249, 510
510, 249
249, 665
665, 249
249, 782
782, 249
249, 545
545, 249
250, 445
445, 250
250, 360
360, 250
250, 840
840, 250
251, 259
259, 251
251, 469
469, 251
251, 634
634, 251
252, 379
379, 252
252, 797
797, 252
252, 528
528, 252
252, 449
449, 252
253, 787
787, 253
253, 367
367, 253
254, 750
750, 254
254, 647
647, 254
254, 591
591, 254
255, 827
827, 255
255, 450
450, 255
255, 770
770, 255
255, 478
478, 255
255, 824
824, 255
255, 567
567, 255
255, 474
474, 255
255, 316
316, 255
255, 762
762, 255
256, 489
489, 256
256, 301
301, 256
256, 462
462, 256
256, 460
460, 256
256, 772
772, 256
256, 586
586, 256
257, 424
424, 257
257, 641
641, 257
257, 396
396, 257
257, 539
539, 257
257, 438
438, 257
257, 664
664, 257
257, 358
358, 257
258, 485
485, 258
258, 351
351, 258
258, 718
718, 258
259, 381
381, 259
260, 796
796, 260
261, 470
470, 261
261, 678
678, 261
261, 417
417, 261
261, 498
498, 261
261, 303
303, 261
261, 668
668, 261
261, 274
274, 261
262, 312
312, 262
262, 342
342, 262
263, 593
593, 263
263, 676
676, 263
263, 578
578, 263
264, 281
281, 264
264, 530
530, 264
264, 673
673, 264
264, 756
756, 264
264, 597
597, 264
265, 482
482, 265
265, 369
369, 265
265, 778
778, 265
266, 650
650, 266
266, 376
376, 266
266, 582
582, 266
266, 267
267, 266
266, 479
479, 266
266, 561
561, 266
267, 640
640, 267
267, 761
761, 267
267, 430
430, 267
267, 650
650, 267
267, 725
725, 267
267, 376
376, 267
268, 373
373, 268
268, 426
426, 268
269, 616
616, 269
269, 592
592, 269
269, 401
401, 269
270, 319
319, 270
270, 431
431, 270
271, 425
425, 271
272, 593
593, 272
272, 313
313, 272
272, 432
432, 272
272, 806
806, 272
272, 578
578, 272
272, 419
419, 272
272, 286
286, 272
272, 615
615, 272
272, 431
431, 272
272, 299
299, 272
273, 596
596, 273
273, 471
471, 273
273, 299
299, 273
273, 569
569, 273
273, 625
625, 273
274, 465
465, 274
274, 498
498, 274
274, 303
303, 274
274, 429
429, 274
275, 371
371, 275
275, 350
350, 275
275, 560
560, 275
275, 438
438, 275
276, 704
704, 276
277, 466
466, 277
277, 673
673, 277
278, 519
519, 278
278, 342
342, 278
278, 603
603, 278
278, 764
764, 278
279, 478
478, 279
279, 624
624, 279
279, 793
793, 279
279, 827
827, 279
279, 402
402, 279
280, 376
376, 280
280, 660
660, 280
280, 441
441, 280
280, 810
810, 280
282, 516
516, 282
282, 740
740, 282
282, 292
292, 282
282, 318
318, 282
283, 331
331, 283
284, 650
650, 284
284, 376
376, 284
284, 479
479, 284
284, 326
326, 284
284, 761
761, 284
285, 505
505, 285
286, 721
721, 286
286, 313
313, 286
286, 299
299, 286
286, 319
319, 286
286, 471
471, 286
286, 331
331, 286
287, 816
816, 287
287, 682
682, 287
287, 382
382, 287
287, 668
668, 287
287, 356
356, 287
288, 428
428, 288
288, 315
315, 288
288, 779
779, 288
288, 704
704, 288
288, 503
503, 288
289, 757
757, 289
290, 457
457, 290
290, 417
417, 290
290, 449
449, 290
290, 456
456, 290
290, 797
797, 290
290, 531
531, 290
290, 518
518, 290
291, 610
610, 291
291, 348
348, 291
291, 553
553, 291
291, 383
383, 291
291, 308
308, 291
291, 518
518, 291
292, 318
318, 292
292, 516
516, 292
292, 740
740, 292
293, 485
485, 293
293, 618
618, 293
293, 464
464, 293
293, 826
826, 293
293, 390
390, 293
293, 440
440, 293
293, 458
458, 293
293, 836
836, 293
294, 538
538, 294
295, 322
322, 295
295, 707
707, 295
296, 731
731, 296
296, 484
484, 296
297, 330
330, 297
297, 415
415, 297
297, 595
595, 297
297, 329
329, 297
298, 390
390, 298
298, 618
618, 298
298, 458
458, 298
298, 836
836, 298
298, 681
681, 298
299, 432
432, 299
299, 596
596, 299
299, 419
419, 299
299, 615
615, 299
299, 835
835, 299
299, 471
471, 299
300, 372
372, 300
300, 321
321, 300
301, 512
512, 301
301, 763
763, 301
301, 735
735, 301
301, 687
687, 301
302, 505
505, 302
303, 470
470, 303
303, 678
678, 303
303, 354
354, 303
303, 682
682, 303
303, 481
481, 303
303, 498
498, 303
303, 611
611, 303
304, 571
571, 304
304, 334
334, 304
305, 504
504, 305
305, 468
468, 305
305, 669
669, 305
305, 319
319, 305
305, 598
598, 305
305, 568
568, 305
305, 533
533, 305
306, 620
620, 306
307, 435
435, 307
308, 522
522, 308
308, 842
842, 308
308, 553
553, 308
308, 365
365, 308
308, 562
562, 308
308, 488
488, 308
309, 607
607, 309
309, 368
368, 309
310, 711
711, 310
311, 357
357, 311
311, 538
538, 311
311, 667
667, 311
312, 549
549, 312
312, 320
320, 312
312, 484
484, 312
312, 654
654, 312
313, 431
431, 313
313, 513
513, 313
313, 471
471, 313
313, 806
806, 313
315, 428
428, 315
316, 770
770, 316
317, 819
819, 317
317, 702
702, 317
318, 339
339, 318
318, 516
516, 318
318, 740
740, 318
319, 447
447, 319
319, 385
385, 319
319, 703
703, 319
319, 504
504, 319
320, 594
594, 320
320, 423
423, 320
320, 808
808, 320
320, 688
688, 320
320, 642
642, 320
321, 634
634, 321
322, 489
489, 322
322, 537
537, 322
323, 340
340, 323
324, 464
464, 324
324, 447
447, 324
324, 499
499, 324
324, 820
820, 324
324, 834
834, 324
325, 469
469, 325
325, 623
623, 325
326, 426
426, 326
327, 636
636, 327
328, 437
437, 328
328, 777
777, 328
328, 400
400, 328
328, 418
418, 328
328, 672
672, 328
328, 722
722, 328
329, 787
787, 329
330, 378
378, 330
331, 452
452, 331
331, 586
586, 331
331, 471
471, 331
333, 397
397, 333
334, 388
388, 334
335, 426
426, 335
335, 425
425, 335
336, 818
818, 336
336, 735
735, 336
336, 534
534, 336
336, 576
576, 336
336, 697
697, 336
338, 551
551, 338
338, 766
766, 338
338, 503
503, 338
338, 442
442, 338
338, 423
423, 338
339, 516
516, 339
340, 525
525, 340
340, 575
575, 340
341, 794
794, 341
341, 460
460, 341
341, 559
559, 341
341, 679
679, 341
341, 586
586, 341
341, 709
709, 341
341, 366
366, 341
342, 384
384, 342
342, 433
433, 342
342, 446
446, 342
342, 814
814, 342
342, 702
702, 342
342, 655
655, 342
343, 717
717, 343
343, 742
742, 343
343, 524
524, 343
345, 611
611, 345
345, 359
359, 345
346, 563
563, 346
346, 606
606, 346
346, 413
413, 346
346, 825
825, 346
347, 606
606, 347
347, 395
395, 347
347, 550
550, 347
347, 674
674, 347
347, 786
786, 347
348, 658
658, 348
348, 391
391, 348
348, 629
629, 348
348, 532
532, 348
348, 670
670, 348
348, 548
548, 348
348, 842
842, 348
349, 473
473, 349
350, 661
661, 350
351, 829
829, 351
351, 590
590, 351
352, 596
596, 352
352, 434
434, 352
352, 544
544, 352
352, 477
477, 352
352, 548
548, 352
353, 595
595, 353
353, 575
575, 353
353, 565
565, 353
354, 774
774, 354
354, 508
508, 354
355, 707
707, 355
355, 778
778, 355
355, 496
496, 355
356, 763
763, 356
356, 623
623, 356
357, 705
705, 357
357, 690
690, 357
357, 765
765, 357
357, 454
454, 357
357, 399
399, 357
357, 637
637, 357
357, 830
830, 357
358, 539
539, 358
358, 581
581, 358
358, 626
626, 358
358, 580
580, 358
358, 506
506, 358
358, 627
627, 358
358, 656
656, 358
359, 569
569, 359
361, 400
400, 361
361, 395
395, 361
362, 755
755, 362
363, 489
489, 363
363, 369
369, 363
363, 541
541, 363
363, 430
430, 363
364, 676
676, 364
365, 764
764, 365
366, 500
500, 366
366, 460
460, 366
366, 679
679, 366
366, 586
586, 366
367, 429
429, 367
368, 627
627, 368
368, 612
612, 368
371, 464
464, 371
371, 545
545, 371
372, 683
683, 372
372, 680
680, 372
374, 775
775, 374
374, 816
816, 374
374, 784
784, 374
374, 590
590, 374
375, 681
681, 375
375, 451
451, 375
376, 761
761, 376
376, 649
649, 376
376, 561
561, 376
376, 479
479, 376
376, 650
650, 376
376, 833
833, 376
377, 765
765, 377
377, 528
528, 377
377, 453
453, 377
378, 469
469, 378
379, 797
797, 379
379, 439
439, 379
379, 831
831, 379
379, 622
622, 379
379, 413
413, 379
380, 639
639, 380
380, 456
456, 380
380, 387
387, 380
380, 652
652, 380
381, 805
805, 381
382, 619
619, 382
382, 784
784, 382
382, 487
487, 382
383, 716
716, 383
383, 841
841, 383
383, 630
630, 383
383, 629
629, 383
383, 585
585, 383
383, 564
564, 383
383, 547
547, 383
383, 751
751, 383
384, 571
571, 384
385, 710
710, 385
385, 532
532, 385
385, 494
494, 385
385, 403
403, 385
385, 447
447, 385
386, 763
763, 386
386, 736
736, 386
387, 448
448, 387
387, 443
443, 387
388, 508
508, 388
389, 592
592, 389
389, 607
607, 389
391, 658
658, 391
391, 610
610, 391
391, 476
476, 391
391, 455
455, 391
391, 732
732, 391
392, 422
422, 392
393, 556
556, 393
393, 700
700, 393
394, 538
538, 394
395, 669
669, 395
396, 539
539, 396
396, 664
664, 396
396, 679
679, 396
396, 438
438, 396
396, 424
424, 396
398, 483
483, 398
398, 572
572, 398
399, 705
705, 399
399, 497
497, 399
399, 667
667, 399
399, 830
830, 399
399, 637
637, 399
399, 690
690, 399
399, 765
765, 399
400, 777
777, 400
401, 770
770, 401
401, 549
549, 401
402, 793
793, 402
403, 710
710, 403
403, 494
494, 403
413, 812
812, 413
413, 439
439, 413
413, 646
646, 413
413, 786
786, 413
415, 773
773, 415
416, 472
472, 416
416, 493
493, 416
416, 425
425, 416
416, 584
584, 416
417, 470
470, 417
417, 449
449, 417
417, 456
456, 417
417, 443
443, 417
417, 457
457, 417
418, 789
789, 418
419, 615
615, 419
419, 432
432, 419
419, 703
703, 419
420, 475
475, 420
420, 754
754, 420
421, 701
701, 421
421, 807
807, 421
423, 766
766, 423
423, 663
663, 423
423, 440
440, 423
424, 451
451, 424
424, 539
539, 424
424, 664
664, 424
424, 438
438, 424
424, 671
671, 424
426, 504
504, 426
426, 641
641, 426
427, 517
517, 427
427, 811
811, 427
427, 484
484, 427
427, 685
685, 427
428, 782
782, 428
429, 446
446, 429
430, 702
702, 430
431, 806
806, 431
432, 722
722, 432
432, 594
594, 432
432, 615
615, 432
432, 761
761, 432
433, 767
767, 433
433, 485
485, 433
433, 446
446, 433
433, 576
576, 433
434, 585
585, 434
434, 453
453, 434
435, 451
451, 435
435, 600
600, 435
437, 593
593, 437
437, 831
831, 437
437, 791
791, 437
438, 664
664, 438
438, 656
656, 438
439, 567
567, 439
439, 646
646, 439
439, 809
809, 439
440, 511
511, 440
441, 479
479, 441
442, 487
487, 442
442, 571
571, 442
443, 551
551, 443
443, 481
481, 443
443, 457
457, 443
443, 456
456, 443
444, 556
556, 444
444, 576
576, 444
444, 628
628, 444
444, 624
624, 444
445, 631
631, 445
445, 840
840, 445
447, 710
710, 447
447, 532
532, 447
448, 690
690, 448
449, 625
625, 449
449, 533
533, 449
449, 662
662, 449
449, 472
472, 449
449, 540
540, 449
450, 589
589, 450
451, 730
730, 451
451, 745
745, 451
452, 754
754, 452
452, 507
507, 452
453, 824
824, 453
455, 476
476, 455
456, 470
470, 456
456, 457
457, 456
457, 514
514, 457
457, 531
531, 457
459, 583
583, 459
460, 679
679, 460
460, 464
464, 460
461, 608
608, 461
462, 557
557, 462
462, 477
477, 462
462, 559
559, 462
463, 647
647, 463
463, 526
526, 463
463, 601
601, 463
463, 480
480, 463
464, 486
486, 464
465, 792
792, 465
466, 506
506, 466
467, 747
747, 467
467, 746
746, 467
467, 492
492, 467
467, 691
691, 467
467, 550
550, 467
468, 533
533, 468
468, 504
504, 468
469, 623
623, 469
469, 563
563, 469
470, 642
642, 470
470, 678
678, 470
471, 596
596, 471
471, 577
577, 471
472, 598
598, 472
472, 501
501, 472
472, 493
493, 472
472, 577
577, 472
472, 476
476, 472
474, 827
827, 474
476, 501
501, 476
476, 493
493, 476
476, 577
577, 476
477, 598
598, 477
477, 661
661, 477
477, 559
559, 477
477, 603
603, 477
479, 495
495, 479
479, 833
833, 479
479, 650
650, 479
479, 582
582, 479
479, 579
579, 479
479, 761
761, 479
479, 561
561, 479
480, 647
647, 480
480, 526
526, 480
480, 733
733, 480
481, 551
551, 481
482, 838
838, 482
483, 822
822, 483
484, 654
654, 484
486, 606
606, 486
486, 675
675, 486
486, 693
693, 486
487, 784
784, 487
487, 621
621, 487
487, 781
781, 487
488, 562
562, 488
490, 722
722, 490
491, 530
530, 491
491, 560
560, 491
492, 522
522, 492
492, 746
746, 492
493, 540
540, 493
493, 501
501, 493
494, 710
710, 494
494, 532
532, 494
495, 579
579, 495
495, 664
664, 495
495, 650
650, 495
495, 833
833, 495
496, 559
559, 496
497, 583
583, 497
497, 667
667, 497
498, 633
633, 498
498, 678
678, 498
498, 527
527, 498
498, 668
668, 498
499, 694
694, 499
500, 828
828, 500
501, 540
540, 501
502, 625
625, 502
502, 686
686, 502
502, 703
703, 502
503, 521
521, 503
503, 624
624, 503
504, 598
598, 504
504, 533
533, 504
507, 729
729, 507
507, 561
561, 507
507, 602
602, 507
509, 616
616, 509
510, 558
558, 510
510, 665
665, 510
510, 782
782, 510
511, 566
566, 511
513, 642
642, 513
513, 595
595, 513
513, 587
587, 513
513, 725
725, 513
514, 720
720, 514
514, 662
662, 514
514, 560
560, 514
515, 821
821, 515
515, 615
615, 515
516, 740
740, 516
516, 691
691, 516
516, 528
528, 516
517, 807
807, 517
519, 532
532, 519
519, 603
603, 519
519, 555
555, 519
520, 798
798, 520
521, 539
539, 521
521, 654
654, 521
523, 643
643, 523
526, 610
610, 526
526, 736
736, 526
526, 647
647, 526
527, 608
608, 527
528, 730
730, 528
529, 691
691, 529
529, 588
588, 529
530, 701
701, 530
531, 662
662, 531
531, 611
611, 531
531, 625
625, 531
532, 710
710, 532
532, 645
645, 532
532, 629
629, 532
533, 669
669, 533
533, 568
568, 533
534, 828
828, 534
534, 573
573, 534
535, 630
630, 535
536, 593
593, 536
536, 578
578, 536
537, 601
601, 537
537, 655
655, 537
539, 664
664, 539
539, 656
656, 539
542, 715
715, 542
542, 724
724, 542
542, 789
789, 542
543, 720
720, 543
543, 713
713, 543
545, 720
720, 545
546, 811
811, 546
547, 716
716, 547
547, 841
841, 547
547, 564
564, 547
547, 629
629, 547
547, 751
751, 547
548, 585
585, 548
548, 832
832, 548
548, 771
771, 548
548, 714
714, 548
552, 651
651, 552
552, 752
752, 552
553, 610
610, 553
553, 714
714, 553
554, 576
576, 554
557, 691
691, 557
557, 559
559, 557
558, 782
782, 558
558, 665
665, 558
561, 650
650, 561
561, 780
780, 561
561, 739
739, 561
562, 764
764, 562
564, 716
716, 564
564, 841
841, 564
564, 771
771, 564
564, 629
629, 564
564, 751
751, 564
566, 612
612, 566
568, 695
695, 568
570, 574
574, 570
570, 590
590, 570
578, 721
721, 578
578, 593
593, 578
579, 650
650, 579
579, 833
833, 579
580, 626
626, 580
581, 626
626, 581
583, 793
793, 583
583, 827
827, 583
584, 693
693, 584
586, 794
794, 586
587, 610
610, 587
588, 691
691, 588
589, 595
595, 589
591, 769
769, 591
592, 741
741, 592
592, 802
802, 592
593, 775
775, 593
594, 738
738, 594
594, 642
642, 594
596, 605
605, 596
598, 661
661, 598
598, 669
669, 598
599, 768
768, 599
601, 655
655, 601
602, 644
644, 602
603, 814
814, 603
604, 822
822, 604
605, 657
657, 605
608, 709
709, 608
609, 792
792, 609
612, 703
703, 612
613, 749
749, 613
614, 711
711, 614
616, 805
805, 616
617, 838
838, 617
619, 784
784, 619
622, 657
657, 622
625, 662
662, 625
626, 682
682, 626
627, 634
634, 627
628, 810
810, 628
629, 751
751, 629
630, 842
842, 630
633, 638
638, 633
635, 636
636, 635
636, 701
701, 636
637, 705
705, 637
637, 667
667, 637
637, 830
830, 637
637, 690
690, 637
637, 765
765, 637
639, 712
712, 639
642, 678
678, 642
644, 657
657, 644
645, 684
684, 645
645, 705
705, 645
646, 786
786, 646
646, 680
680, 646
650, 833
833, 650
650, 761
761, 650
651, 766
766, 651
652, 754
754, 652
656, 815
815, 656
661, 717
717, 661
665, 700
700, 665
665, 782
782, 665
666, 802
802, 666
667, 830
830, 667
667, 705
705, 667
671, 708
708, 671
674, 683
683, 674
674, 680
680, 674
674, 776
776, 674
677, 825
825, 677
680, 776
776, 680
680, 683
683, 680
682, 816
816, 682
683, 776
776, 683
684, 795
795, 684
689, 785
785, 689
690, 705
705, 690
694, 801
801, 694
695, 696
696, 695
696, 736
736, 696
697, 828
828, 697
697, 804
804, 697
698, 777
777, 698
699, 749
749, 699
704, 711
711, 704
705, 765
765, 705
705, 830
830, 705
707, 748
748, 707
716, 751
751, 716
716, 834
834, 716
716, 841
841, 716
719, 743
743, 719
723, 771
771, 723
726, 767
767, 726
727, 823
823, 727
732, 799
799, 732
732, 800
800, 732
737, 760
760, 737
751, 841
841, 751
753, 774
774, 753
780, 783
783, 780
780, 843
843, 780
799, 800
800, 799
807, 829
829, 807
