0, 33
33, 0
0, 92
92, 0
0, 45
45, 0
0, 3
3, 0
0, 49
49, 0
0, 54
54, 0
0, 10
10, 0
0, 260
260, 0
0, 288
288, 0
0, 214
214, 0
0, 48
48, 0
0, 26
26, 0
0, 1
1, 0
0, 178
178, 0
0, 141
141, 0
0, 262
262, 0
0, 27
27, 0
0, 79
79, 0
0, 46
46, 0
0, 57
57, 0
0, 14
14, 0
0, 230
230, 0
0, 7
7, 0
0, 12
12, 0
0, 122
122, 0
0, 161
161, 0
0, 143
143, 0
0, 91
91, 0
0, 234
234, 0
0, 50
50, 0
0, 2
2, 0
0, 284
284, 0
0, 87
87, 0
0, 242
242, 0
0, 5
5, 0
1, 54
54, 1
1, 13
13, 1
1, 19
19, 1
1, 66
66, 1
1, 12
12, 1
1, 24
24, 1
1, 303
303, 1
1, 143
143, 1
1, 91
91, 1
1, 44
44, 1
1, 235
235, 1
1, 215
215, 1
1, 142
142, 1
1, 265
265, 1
1, 114
114, 1
1, 133
133, 1
1, 80
80, 1
1, 48
48, 1
1, 41
41, 1
1, 7
7, 1
1, 26
26, 1
1, 239
239, 1
2, 4
4, 2
2, 186
186, 2
2, 53
53, 2
2, 68
68, 2
2, 319
319, 2
2, 153
153, 2
2, 5
5, 2
2, 298
298, 2
2, 30
30, 2
2, 178
178, 2
2, 77
77, 2
2, 283
283, 2
2, 118
118, 2
3, 63
63, 3
3, 121
121, 3
3, 299
299, 3
3, 37
37, 3
3, 27
27, 3
3, 14
14, 3
3, 254
254, 3
3, 188
188, 3
3, 7
7, 3
3, 10
10, 3
3, 206
206, 3
3, 140
140, 3
3, 337
337, 3
3, 258
258, 3
3, 26
26, 3
3, 64
64, 3
3, 284
284, 3
3, 334
334, 3
3, 110
110, 3
3, 102
102, 3
3, 242
242, 3
3, 56
56, 3
3, 45
45, 3
3, 29
29, 3
3, 160
160, 3
3, 52
52, 3
3, 33
33, 3
3, 189
189, 3
3, 154
154, 3
3, 214
214, 3
4, 139
139, 4
4, 21
21, 4
4, 178
178, 4
4, 151
151, 4
4, 32
32, 4
4, 25
25, 4
4, 84
84, 4
4, 238
238, 4
4, 85
85, 4
4, 70
70, 4
4, 5
5, 4
4, 241
241, 4
4, 296
296, 4
4, 153
153, 4
4, 49
49, 4
4, 244
244, 4
4, 59
59, 4
4, 239
239, 4
5, 6
6, 5
5, 54
54, 5
5, 109
109, 5
5, 32
32, 5
5, 26
26, 5
5, 153
153, 5
5, 127
127, 5
5, 150
150, 5
5, 229
229, 5
5, 7
7, 5
5, 178
178, 5
5, 15
15, 5
5, 93
93, 5
5, 147
147, 5
5, 248
248, 5
6, 40
40, 6
6, 9
9, 6
6, 330
330, 6
6, 35
35, 6
6, 327
327, 6
6, 13
13, 6
6, 175
175, 6
6, 42
42, 6
6, 67
67, 6
6, 84
84, 6
6, 137
137, 6
6, 85
85, 6
6, 294
294, 6
6, 8
8, 6
6, 109
109, 6
6, 43
43, 6
6, 11
11, 6
6, 159
159, 6
6, 93
93, 6
7, 22
22, 7
7, 10
10, 7
7, 260
260, 7
7, 288
288, 7
7, 245
245, 7
7, 26
26, 7
7, 212
212, 7
7, 131
131, 7
7, 299
299, 7
7, 14
14, 7
7, 230
230, 7
7, 37
37, 7
7, 122
122, 7
7, 143
143, 7
7, 284
284, 7
7, 295
295, 7
7, 213
213, 7
7, 85
85, 7
7, 350
350, 7
7, 305
305, 7
7, 290
290, 7
7, 261
261, 7
7, 33
33, 7
7, 214
214, 7
7, 254
254, 7
8, 159
159, 8
8, 11
11, 8
8, 109
109, 8
8, 123
123, 8
8, 318
318, 8
8, 342
342, 8
8, 229
229, 8
8, 127
127, 8
8, 115
115, 8
8, 43
43, 8
8, 35
35, 8
8, 21
21, 8
8, 94
94, 8
8, 32
32, 8
8, 117
117, 8
8, 42
42, 8
8, 67
67, 8
8, 84
84, 8
8, 30
30, 8
8, 78
78, 8
8, 358
358, 8
9, 13
13, 9
9, 35
35, 9
9, 19
19, 9
9, 341
341, 9
9, 175
175, 9
9, 182
182, 9
9, 342
342, 9
9, 52
52, 9
9, 244
244, 9
9, 274
274, 9
9, 159
159, 9
9, 15
15, 9
9, 130
130, 9
9, 327
327, 9
9, 89
89, 9
10, 236
236, 10
10, 166
166, 10
10, 23
23, 10
10, 64
64, 10
10, 144
144, 10
10, 284
284, 10
10, 225
225, 10
10, 217
217, 10
10, 157
157, 10
10, 69
69, 10
10, 247
247, 10
10, 88
88, 10
10, 245
245, 10
10, 26
26, 10
11, 92
92, 11
11, 96
96, 11
11, 161
161, 11
11, 31
31, 11
11, 109
109, 11
11, 71
71, 11
11, 73
73, 11
12, 18
18, 12
12, 210
210, 12
12, 146
146, 12
12, 268
268, 12
12, 300
300, 12
12, 165
165, 12
12, 101
101, 12
12, 81
81, 12
12, 20
20, 12
12, 111
111, 12
12, 204
204, 12
12, 17
17, 12
12, 273
273, 12
13, 335
335, 13
13, 324
324, 13
13, 132
132, 13
13, 86
86, 13
13, 69
69, 13
13, 109
109, 13
13, 171
171, 13
13, 251
251, 13
13, 357
357, 13
13, 159
159, 13
13, 101
101, 13
13, 327
327, 13
13, 330
330, 13
14, 54
54, 14
14, 39
39, 14
14, 120
120, 14
14, 147
147, 14
14, 165
165, 14
14, 70
70, 14
14, 31
31, 14
14, 263
263, 14
14, 34
34, 14
14, 33
33, 14
14, 129
129, 14
15, 16
16, 15
15, 17
17, 15
15, 62
62, 15
15, 332
332, 15
15, 162
162, 15
16, 209
209, 16
16, 151
151, 16
16, 83
83, 16
16, 42
42, 16
16, 102
102, 16
16, 125
125, 16
16, 104
104, 16
16, 180
180, 16
16, 121
121, 16
16, 138
138, 16
17, 223
223, 17
17, 259
259, 17
17, 169
169, 17
17, 41
41, 17
17, 181
181, 17
17, 174
174, 17
17, 281
281, 17
17, 144
144, 17
17, 48
48, 17
17, 81
81, 17
17, 103
103, 17
17, 219
219, 17
17, 291
291, 17
17, 240
240, 17
17, 142
142, 17
17, 51
51, 17
18, 146
146, 18
18, 111
111, 18
18, 28
28, 18
18, 20
20, 18
18, 322
322, 18
18, 204
204, 18
18, 81
81, 18
18, 31
31, 18
18, 210
210, 18
18, 208
208, 18
18, 273
273, 18
18, 47
47, 18
18, 268
268, 18
18, 165
165, 18
18, 277
277, 18
19, 90
90, 19
19, 176
176, 19
19, 62
62, 19
19, 25
25, 19
19, 133
133, 19
19, 250
250, 19
19, 276
276, 19
19, 80
80, 19
19, 128
128, 19
19, 60
60, 19
19, 124
124, 19
19, 23
23, 19
19, 22
22, 19
19, 36
36, 19
20, 129
129, 20
20, 88
88, 20
20, 59
59, 20
20, 346
346, 20
20, 169
169, 20
20, 174
174, 20
20, 48
48, 20
20, 170
170, 20
20, 28
28, 20
20, 66
66, 20
20, 23
23, 20
20, 81
81, 20
20, 230
230, 20
20, 295
295, 20
20, 281
281, 20
20, 44
44, 20
20, 141
141, 20
20, 271
271, 20
20, 250
250, 20
21, 135
135, 21
21, 58
58, 21
21, 229
229, 21
21, 35
35, 21
21, 345
345, 21
21, 86
86, 21
21, 30
30, 21
21, 182
182, 21
21, 78
78, 21
21, 94
94, 21
21, 127
127, 21
21, 106
106, 21
22, 36
36, 22
22, 90
90, 22
22, 207
207, 22
22, 27
27, 22
22, 62
62, 22
22, 201
201, 22
22, 95
95, 22
22, 25
25, 22
22, 203
203, 22
22, 213
213, 22
22, 227
227, 22
22, 287
287, 22
22, 142
142, 22
22, 119
119, 22
22, 148
148, 22
22, 34
34, 22
22, 276
276, 22
22, 60
60, 22
22, 131
131, 22
23, 51
51, 23
23, 286
286, 23
23, 62
62, 23
23, 217
217, 23
23, 157
157, 23
23, 235
235, 23
23, 156
156, 23
23, 88
88, 23
23, 80
80, 23
23, 237
237, 23
23, 60
60, 23
23, 59
59, 23
23, 28
28, 23
23, 66
66, 23
24, 343
343, 24
24, 61
61, 24
24, 32
32, 24
24, 222
222, 24
24, 77
77, 24
24, 310
310, 24
24, 31
31, 24
24, 50
50, 24
25, 36
36, 25
25, 276
276, 25
25, 287
287, 25
25, 153
153, 25
25, 124
124, 25
25, 90
90, 25
25, 27
27, 25
25, 207
207, 25
25, 148
148, 25
25, 34
34, 25
25, 119
119, 25
25, 227
227, 25
25, 286
286, 25
25, 352
352, 25
25, 62
62, 25
25, 325
325, 25
25, 95
95, 25
26, 260
260, 26
26, 267
267, 26
26, 143
143, 26
26, 284
284, 26
26, 242
242, 26
26, 45
45, 26
26, 171
171, 26
26, 315
315, 26
26, 33
33, 26
26, 214
214, 26
26, 79
79, 26
26, 288
288, 26
27, 36
36, 27
27, 140
140, 27
27, 102
102, 27
27, 263
263, 27
27, 33
33, 27
27, 214
214, 27
27, 206
206, 27
27, 59
59, 27
28, 66
66, 28
28, 183
183, 28
28, 44
44, 28
28, 56
56, 28
28, 160
160, 28
28, 33
33, 28
28, 154
154, 28
28, 206
206, 28
28, 258
258, 28
28, 59
59, 28
29, 275
275, 29
29, 40
40, 29
29, 37
37, 29
29, 57
57, 29
29, 136
136, 29
29, 64
64, 29
29, 195
195, 29
29, 308
308, 29
30, 80
80, 30
30, 58
58, 30
30, 118
118, 30
30, 35
35, 30
31, 76
76, 31
31, 99
99, 31
31, 93
93, 31
31, 39
39, 31
32, 297
297, 32
32, 42
42, 32
32, 234
234, 32
32, 109
109, 32
32, 239
239, 32
32, 149
149, 32
33, 98
98, 33
33, 140
140, 33
33, 189
189, 33
33, 206
206, 33
33, 258
258, 33
33, 214
214, 33
33, 154
154, 33
33, 337
337, 33
33, 64
64, 33
33, 110
110, 33
33, 102
102, 33
33, 242
242, 33
33, 56
56, 33
33, 45
45, 33
34, 36
36, 34
34, 130
130, 34
34, 48
48, 34
34, 55
55, 34
34, 53
53, 34
34, 228
228, 34
34, 74
74, 34
34, 145
145, 34
34, 241
241, 34
35, 135
135, 35
35, 58
58, 35
35, 187
187, 35
35, 42
42, 35
35, 84
84, 35
35, 89
89, 35
36, 90
90, 36
36, 207
207, 36
36, 134
134, 36
36, 62
62, 36
36, 95
95, 36
36, 227
227, 36
36, 287
287, 36
36, 114
114, 36
36, 338
338, 36
36, 133
133, 36
36, 119
119, 36
36, 148
148, 36
37, 260
260, 37
37, 245
245, 37
37, 212
212, 37
37, 299
299, 37
37, 230
230, 37
37, 122
122, 37
37, 295
295, 37
37, 213
213, 37
37, 157
157, 37
37, 57
57, 37
37, 131
131, 37
38, 309
309, 38
38, 95
95, 38
38, 116
116, 38
38, 202
202, 38
38, 80
80, 38
38, 41
41, 38
38, 60
60, 38
39, 76
76, 39
39, 302
302, 39
39, 163
163, 39
39, 145
145, 39
39, 69
69, 39
39, 238
238, 39
39, 45
45, 39
39, 296
296, 39
39, 301
301, 39
39, 41
41, 39
39, 244
244, 39
40, 126
126, 40
40, 136
136, 40
40, 75
75, 40
41, 223
223, 41
41, 346
346, 41
41, 163
163, 41
41, 74
74, 41
41, 145
145, 41
41, 44
44, 41
41, 48
48, 41
42, 234
234, 42
42, 186
186, 42
42, 109
109, 42
42, 180
180, 42
42, 330
330, 42
42, 43
43, 42
43, 82
82, 43
43, 180
180, 43
43, 125
125, 43
43, 211
211, 43
44, 119
119, 44
44, 48
48, 44
44, 287
287, 44
45, 98
98, 45
45, 301
301, 45
45, 304
304, 45
45, 57
57, 45
45, 230
230, 45
45, 260
260, 45
45, 122
122, 45
45, 242
242, 45
45, 294
294, 45
46, 220
220, 46
46, 179
179, 46
46, 307
307, 46
46, 323
323, 46
47, 173
173, 47
47, 321
321, 47
47, 149
149, 47
47, 61
61, 47
47, 105
105, 47
48, 223
223, 48
48, 346
346, 48
48, 121
121, 48
48, 147
147, 48
48, 145
145, 48
48, 141
141, 48
48, 250
250, 48
49, 279
279, 49
49, 177
177, 49
49, 269
269, 49
50, 97
97, 50
51, 255
255, 51
51, 266
266, 51
51, 221
221, 51
51, 281
281, 51
51, 362
362, 51
51, 103
103, 51
51, 169
169, 51
51, 81
81, 51
51, 66
66, 51
51, 130
130, 51
52, 154
154, 52
52, 216
216, 52
52, 254
254, 52
52, 278
278, 52
52, 184
184, 52
52, 56
56, 52
53, 196
196, 53
53, 66
66, 53
54, 158
158, 54
54, 271
271, 54
54, 92
92, 54
54, 339
339, 54
55, 291
291, 55
55, 336
336, 55
55, 147
147, 55
55, 249
249, 55
55, 74
74, 55
55, 185
185, 55
55, 130
130, 55
56, 337
337, 56
56, 154
154, 56
56, 214
214, 56
56, 160
160, 56
56, 206
206, 56
56, 329
329, 56
56, 359
359, 56
56, 57
57, 56
56, 107
107, 56
56, 328
328, 56
56, 183
183, 56
56, 102
102, 56
57, 337
337, 57
57, 206
206, 57
57, 188
188, 57
57, 222
222, 57
57, 64
64, 57
57, 110
110, 57
57, 102
102, 57
57, 189
189, 57
57, 154
154, 57
58, 86
86, 58
58, 199
199, 58
58, 285
285, 58
58, 106
106, 58
58, 345
345, 58
58, 348
348, 58
58, 187
187, 58
59, 216
216, 59
59, 183
183, 59
59, 349
349, 59
59, 133
133, 59
59, 154
154, 59
60, 191
191, 60
60, 162
162, 60
60, 66
66, 60
60, 95
95, 60
60, 241
241, 60
60, 156
156, 60
60, 338
338, 60
61, 210
210, 61
61, 125
125, 61
61, 105
105, 61
61, 72
72, 61
62, 276
276, 62
62, 119
119, 62
62, 227
227, 62
62, 241
241, 62
62, 325
325, 62
62, 114
114, 62
62, 95
95, 62
62, 148
148, 62
62, 286
286, 62
62, 352
352, 62
63, 82
82, 63
63, 356
356, 63
63, 354
354, 63
63, 101
101, 63
63, 280
280, 63
63, 252
252, 63
63, 243
243, 63
64, 340
340, 64
64, 179
179, 64
64, 275
275, 64
64, 117
117, 64
65, 100
100, 65
65, 87
87, 65
65, 246
246, 65
65, 215
215, 65
65, 205
205, 65
65, 233
233, 65
65, 232
232, 65
66, 235
235, 66
66, 156
156, 66
66, 265
265, 66
66, 88
88, 66
66, 80
80, 66
66, 237
237, 66
67, 109
109, 67
67, 76
76, 67
67, 75
75, 67
68, 112
112, 68
69, 301
301, 69
69, 244
244, 69
69, 132
132, 69
69, 296
296, 69
69, 357
357, 69
69, 238
238, 69
69, 84
84, 69
70, 142
142, 70
70, 119
119, 70
70, 257
257, 70
70, 256
256, 70
70, 147
147, 70
70, 143
143, 70
71, 82
82, 71
71, 93
93, 71
71, 228
228, 71
71, 163
163, 71
71, 74
74, 71
71, 145
145, 71
72, 100
100, 72
72, 167
167, 72
72, 105
105, 72
72, 77
77, 72
72, 120
120, 72
74, 185
185, 74
74, 121
121, 74
74, 306
306, 74
74, 237
237, 74
74, 110
110, 74
74, 145
145, 74
74, 163
163, 74
75, 198
198, 75
75, 172
172, 75
76, 268
268, 76
76, 152
152, 76
76, 302
302, 76
76, 111
111, 76
78, 129
129, 78
78, 109
109, 78
78, 304
304, 78
78, 123
123, 78
78, 229
229, 78
78, 150
150, 78
78, 302
302, 78
78, 266
266, 78
78, 84
84, 78
79, 356
356, 79
79, 130
130, 79
79, 260
260, 79
79, 252
252, 79
79, 243
243, 79
79, 354
354, 79
79, 174
174, 79
80, 133
133, 80
80, 250
250, 80
81, 204
204, 81
81, 181
181, 81
81, 281
281, 81
81, 316
316, 81
81, 100
100, 81
81, 174
174, 81
81, 169
169, 81
82, 190
190, 82
83, 104
104, 83
83, 180
180, 83
83, 123
123, 83
83, 86
86, 83
83, 107
107, 83
83, 289
289, 83
84, 159
159, 84
84, 340
340, 84
84, 156
156, 84
85, 138
138, 85
85, 131
131, 85
85, 262
262, 85
86, 135
135, 86
86, 123
123, 86
86, 327
327, 86
86, 344
344, 86
87, 215
215, 87
87, 246
246, 87
87, 100
100, 87
88, 129
129, 88
88, 169
169, 88
88, 219
219, 88
88, 166
166, 88
88, 346
346, 88
88, 281
281, 88
88, 227
227, 88
88, 217
217, 88
88, 157
157, 88
88, 174
174, 88
89, 348
348, 89
89, 333
333, 89
89, 159
159, 89
90, 311
311, 90
90, 227
227, 90
90, 287
287, 90
90, 307
307, 90
90, 114
114, 90
90, 119
119, 90
90, 148
148, 90
90, 219
219, 90
90, 124
124, 90
91, 332
332, 91
92, 98
98, 92
92, 339
339, 92
93, 99
99, 93
93, 275
275, 93
94, 106
106, 94
94, 172
172, 94
94, 232
232, 94
95, 338
338, 95
95, 272
272, 95
95, 227
227, 95
95, 207
207, 95
96, 320
320, 96
96, 331
331, 96
97, 120
120, 97
97, 100
100, 97
97, 164
164, 97
97, 179
179, 97
98, 339
339, 98
98, 221
221, 98
98, 183
183, 98
98, 282
282, 98
98, 347
347, 98
98, 252
252, 98
99, 270
270, 99
100, 364
364, 100
100, 120
120, 100
100, 316
316, 100
101, 132
132, 101
101, 357
357, 101
102, 258
258, 102
102, 337
337, 102
102, 206
206, 102
102, 278
278, 102
102, 334
334, 102
102, 110
110, 102
103, 259
259, 103
103, 169
169, 103
103, 267
267, 103
103, 218
218, 103
103, 144
144, 103
103, 281
281, 103
104, 180
180, 104
104, 220
220, 104
104, 125
125, 104
105, 200
200, 105
105, 321
321, 105
106, 318
318, 106
106, 126
126, 106
106, 199
199, 106
107, 246
246, 107
107, 160
160, 107
107, 183
183, 107
107, 141
141, 107
108, 132
132, 108
108, 326
326, 108
108, 351
351, 108
108, 124
124, 108
108, 123
123, 108
108, 218
218, 108
109, 123
123, 109
110, 258
258, 110
110, 206
206, 110
110, 278
278, 110
111, 268
268, 111
111, 269
269, 111
111, 152
152, 111
111, 210
210, 111
112, 113
113, 112
112, 317
317, 112
112, 193
193, 112
113, 193
193, 113
113, 136
136, 113
114, 168
168, 114
114, 207
207, 114
114, 292
292, 114
115, 312
312, 115
115, 264
264, 115
115, 225
225, 115
116, 194
194, 116
117, 335
335, 117
117, 158
158, 117
117, 355
355, 117
118, 319
319, 118
118, 320
320, 118
119, 148
148, 119
119, 286
286, 119
119, 352
352, 119
119, 325
325, 119
119, 227
227, 119
119, 287
287, 119
119, 256
256, 119
119, 360
360, 119
119, 133
133, 119
119, 257
257, 119
120, 316
316, 120
121, 185
185, 121
122, 295
295, 122
122, 260
260, 122
122, 161
161, 122
122, 160
160, 122
122, 216
216, 122
122, 230
230, 122
123, 127
127, 123
124, 328
328, 124
124, 290
290, 124
124, 153
153, 124
124, 338
338, 124
126, 185
185, 126
127, 229
229, 127
127, 150
150, 127
127, 331
331, 127
128, 139
139, 128
128, 176
176, 128
128, 309
309, 128
128, 177
177, 128
128, 279
279, 128
129, 181
181, 129
129, 295
295, 129
129, 275
275, 129
131, 245
245, 131
131, 212
212, 131
131, 216
216, 131
131, 299
299, 131
131, 284
284, 131
131, 213
213, 131
131, 261
261, 131
131, 359
359, 131
131, 254
254, 131
132, 326
326, 132
133, 170
170, 133
133, 148
148, 133
133, 176
176, 133
133, 360
360, 133
134, 249
249, 134
135, 313
313, 135
135, 345
345, 135
135, 348
348, 135
136, 282
282, 136
137, 253
253, 137
137, 283
283, 137
138, 155
155, 138
138, 293
293, 138
139, 140
140, 139
139, 176
176, 139
139, 153
153, 139
140, 334
334, 140
140, 154
154, 140
140, 214
214, 140
140, 258
258, 140
140, 337
337, 140
141, 301
301, 141
141, 221
221, 141
142, 223
223, 142
142, 259
259, 142
142, 240
240, 142
142, 349
349, 142
143, 284
284, 143
143, 254
254, 143
143, 175
175, 143
144, 362
362, 144
144, 312
312, 144
144, 181
181, 144
145, 306
306, 145
145, 237
237, 145
145, 228
228, 145
145, 163
163, 145
146, 173
173, 146
146, 210
210, 146
146, 218
218, 146
146, 208
208, 146
146, 273
273, 146
146, 205
205, 146
146, 233
233, 146
147, 319
319, 147
148, 170
170, 148
148, 207
207, 148
148, 227
227, 148
148, 287
287, 148
148, 177
177, 148
148, 279
279, 148
149, 298
298, 149
150, 223
223, 150
150, 302
302, 150
150, 229
229, 150
150, 278
278, 150
150, 358
358, 150
151, 203
203, 151
151, 306
306, 151
151, 324
324, 151
152, 285
285, 152
153, 178
178, 153
154, 258
258, 154
154, 337
337, 154
154, 206
206, 154
154, 214
214, 154
154, 189
189, 154
155, 277
277, 155
155, 171
171, 155
155, 222
222, 155
156, 237
237, 156
156, 265
265, 156
156, 363
363, 156
157, 192
192, 157
157, 217
217, 157
158, 259
259, 158
159, 333
333, 159
160, 240
240, 160
160, 329
329, 160
160, 183
183, 160
160, 265
265, 160
161, 260
260, 161
161, 230
230, 161
162, 191
191, 162
162, 363
363, 162
164, 226
226, 164
165, 204
204, 165
166, 224
224, 166
166, 236
236, 166
167, 231
231, 167
168, 270
270, 168
168, 220
220, 168
168, 207
207, 168
168, 311
311, 168
169, 218
218, 169
169, 240
240, 169
169, 181
181, 169
169, 281
281, 169
169, 362
362, 169
169, 250
250, 169
170, 353
353, 170
170, 242
242, 170
170, 360
360, 170
171, 324
324, 171
173, 208
208, 173
173, 202
202, 173
173, 293
293, 173
173, 321
321, 173
174, 251
251, 174
174, 261
261, 174
175, 356
356, 175
175, 252
252, 175
176, 314
314, 176
177, 313
313, 177
177, 279
279, 177
177, 269
269, 177
180, 333
333, 180
181, 292
292, 181
181, 218
218, 181
181, 205
205, 181
183, 246
246, 183
184, 247
247, 184
186, 202
202, 186
187, 345
345, 187
188, 206
206, 188
188, 258
258, 188
189, 258
258, 189
189, 214
214, 189
189, 337
337, 189
189, 206
206, 189
192, 217
217, 192
195, 308
308, 195
201, 203
203, 201
201, 213
213, 201
202, 309
309, 202
203, 306
306, 203
203, 300
300, 203
203, 213
213, 203
204, 316
316, 204
204, 277
277, 204
204, 364
364, 204
205, 233
233, 205
205, 218
218, 205
205, 208
208, 205
205, 326
326, 205
205, 292
292, 205
206, 258
258, 206
206, 337
337, 206
206, 334
334, 206
206, 263
263, 206
206, 214
214, 206
207, 290
290, 207
208, 322
322, 208
208, 323
323, 208
208, 233
233, 208
208, 273
273, 208
209, 317
317, 209
210, 322
322, 210
210, 273
273, 210
210, 268
268, 210
211, 226
226, 211
212, 299
299, 212
212, 245
245, 212
213, 245
245, 213
213, 299
299, 213
214, 258
258, 214
214, 337
337, 214
215, 239
239, 215
215, 303
303, 215
216, 336
336, 216
216, 261
261, 216
216, 254
254, 216
218, 267
267, 218
219, 241
241, 219
219, 350
350, 219
219, 305
305, 219
219, 290
290, 219
221, 282
282, 221
221, 353
353, 221
223, 240
240, 223
224, 226
226, 224
224, 272
272, 224
227, 287
287, 227
227, 286
286, 227
227, 352
352, 227
227, 325
325, 227
228, 271
271, 228
228, 361
361, 228
229, 318
318, 229
230, 295
295, 230
230, 299
299, 230
230, 260
260, 230
231, 236
236, 231
233, 273
273, 233
235, 351
351, 235
236, 245
245, 236
237, 287
287, 237
237, 265
265, 237
238, 301
301, 238
238, 244
244, 238
238, 296
296, 238
239, 303
303, 239
240, 329
329, 240
240, 259
259, 240
243, 289
289, 243
243, 280
280, 243
244, 296
296, 244
245, 334
334, 245
245, 299
299, 245
246, 303
303, 246
247, 329
329, 247
248, 361
361, 248
249, 314
314, 249
250, 254
254, 250
252, 356
356, 252
252, 354
354, 252
252, 280
280, 252
253, 365
365, 253
254, 284
284, 254
254, 261
261, 254
255, 266
266, 255
255, 347
347, 255
255, 280
280, 255
258, 337
337, 258
258, 334
334, 258
260, 299
299, 260
261, 341
341, 261
262, 349
349, 262
262, 271
271, 262
263, 280
280, 263
264, 365
365, 264
267, 281
281, 267
268, 322
322, 268
268, 273
273, 268
269, 279
279, 269
274, 308
308, 274
276, 286
286, 276
276, 352
352, 276
276, 325
325, 276
276, 360
360, 276
280, 354
354, 280
284, 295
295, 284
284, 299
299, 284
286, 325
325, 286
286, 352
352, 286
289, 344
344, 289
293, 321
321, 293
294, 296
296, 294
297, 355
355, 297
305, 325
325, 305
315, 316
316, 315
322, 343
343, 322
324, 330
330, 324
325, 352
352, 325
334, 337
337, 334
